#! FIELDS ang.between targetdist der_ang.between
#! SET min_ang.between 1.0
#! SET max_ang.between 4.5
#! SET nbins_ang.between  3501
#! SET periodic_ang.between false
 1.000000 0.000000 0.000000
 1.001000 0.000000 0.000000
 1.002000 0.000000 0.000000
 1.003000 0.000000 0.000000
 1.004000 0.000000 0.000000
 1.005000 0.000000 0.000000
 1.006000 0.000000 0.000000
 1.007000 0.000000 0.000000
 1.008000 0.000000 0.000000
 1.009000 0.000000 0.000000
 1.010000 0.000000 0.000000
 1.011000 0.000000 0.000000
 1.012000 0.000000 0.000000
 1.013000 0.000000 0.000000
 1.014000 0.000000 0.000000
 1.015000 0.000000 0.000000
 1.016000 0.000000 0.000000
 1.017000 0.000000 0.000000
 1.018000 0.000000 0.000000
 1.019000 0.000000 0.000000
 1.020000 0.000000 0.000000
 1.021000 0.000000 0.000000
 1.022000 0.000000 0.000000
 1.023000 0.000000 0.000000
 1.024000 0.000000 0.000000
 1.025000 0.000000 0.000000
 1.026000 0.000000 0.000000
 1.027000 0.000000 0.000000
 1.028000 0.000000 0.000000
 1.029000 0.000000 0.000000
 1.030000 0.000000 0.000000
 1.031000 0.000000 0.000000
 1.032000 0.000000 0.000000
 1.033000 0.000000 0.000000
 1.034000 0.000000 0.000000
 1.035000 0.000000 0.000000
 1.036000 0.000000 0.000000
 1.037000 0.000000 0.000000
 1.038000 0.000000 0.000000
 1.039000 0.000000 0.000000
 1.040000 0.000000 0.000000
 1.041000 0.000000 0.000000
 1.042000 0.000000 0.000000
 1.043000 0.000000 0.000000
 1.044000 0.000000 0.000000
 1.045000 0.000000 0.000000
 1.046000 0.000000 0.000000
 1.047000 0.000000 0.000000
 1.048000 0.000000 0.000000
 1.049000 0.000000 0.000000
 1.050000 0.000000 0.000000
 1.051000 0.000000 0.000000
 1.052000 0.000000 0.000000
 1.053000 0.000000 0.000000
 1.054000 0.000000 0.000000
 1.055000 0.000000 0.000000
 1.056000 0.000000 0.000000
 1.057000 0.000000 0.000000
 1.058000 0.000000 0.000000
 1.059000 0.000000 0.000000
 1.060000 0.000000 0.000000
 1.061000 0.000000 0.000000
 1.062000 0.000000 0.000000
 1.063000 0.000000 0.000000
 1.064000 0.000000 0.000000
 1.065000 0.000000 0.000000
 1.066000 0.000000 0.000000
 1.067000 0.000000 0.000000
 1.068000 0.000000 0.000000
 1.069000 0.000000 0.000000
 1.070000 0.000000 0.000000
 1.071000 0.000000 0.000000
 1.072000 0.000000 0.000000
 1.073000 0.000000 0.000000
 1.074000 0.000000 0.000000
 1.075000 0.000000 0.000000
 1.076000 0.000000 0.000000
 1.077000 0.000000 0.000000
 1.078000 0.000000 0.000000
 1.079000 0.000000 0.000000
 1.080000 0.000000 0.000000
 1.081000 0.000000 0.000000
 1.082000 0.000000 0.000000
 1.083000 0.000000 0.000000
 1.084000 0.000000 0.000000
 1.085000 0.000000 0.000000
 1.086000 0.000000 0.000000
 1.087000 0.000000 0.000000
 1.088000 0.000000 0.000000
 1.089000 0.000000 0.000000
 1.090000 0.000000 0.000000
 1.091000 0.000000 0.000000
 1.092000 0.000000 0.000000
 1.093000 0.000000 0.000000
 1.094000 0.000000 0.000000
 1.095000 0.000000 0.000000
 1.096000 0.000000 0.000000
 1.097000 0.000000 0.000000
 1.098000 0.000000 0.000000
 1.099000 0.000000 0.000000
 1.100000 0.000000 0.000000
 1.101000 0.000000 0.000000
 1.102000 0.000000 0.000000
 1.103000 0.000000 0.000000
 1.104000 0.000000 0.000000
 1.105000 0.000000 0.000000
 1.106000 0.000000 0.000000
 1.107000 0.000000 0.000000
 1.108000 0.000000 0.000000
 1.109000 0.000000 0.000000
 1.110000 0.000000 0.000000
 1.111000 0.000000 0.000000
 1.112000 0.000000 0.000000
 1.113000 0.000000 0.000000
 1.114000 0.000000 0.000000
 1.115000 0.000000 0.000000
 1.116000 0.000000 0.000000
 1.117000 0.000000 0.000000
 1.118000 0.000000 0.000000
 1.119000 0.000000 0.000000
 1.120000 0.000000 0.000000
 1.121000 0.000000 0.000000
 1.122000 0.000000 0.000000
 1.123000 0.000000 0.000000
 1.124000 0.000000 0.000000
 1.125000 0.000000 0.000000
 1.126000 0.000000 0.000000
 1.127000 0.000000 0.000000
 1.128000 0.000000 0.000000
 1.129000 0.000000 0.000000
 1.130000 0.000000 0.000000
 1.131000 0.000000 0.000000
 1.132000 0.000000 0.000000
 1.133000 0.000000 0.000000
 1.134000 0.000000 0.000000
 1.135000 0.000000 0.000000
 1.136000 0.000000 0.000000
 1.137000 0.000000 0.000000
 1.138000 0.000000 0.000000
 1.139000 0.000000 0.000000
 1.140000 0.000000 0.000000
 1.141000 0.000000 0.000000
 1.142000 0.000000 0.000000
 1.143000 0.000000 0.000000
 1.144000 0.000000 0.000000
 1.145000 0.000000 0.000000
 1.146000 0.000000 0.000000
 1.147000 0.000000 0.000000
 1.148000 0.000000 0.000000
 1.149000 0.000000 0.000000
 1.150000 0.000000 0.000000
 1.151000 0.000000 0.000000
 1.152000 0.000000 0.000000
 1.153000 0.000000 0.000000
 1.154000 0.000000 0.000000
 1.155000 0.000000 0.000000
 1.156000 0.000000 0.000000
 1.157000 0.000000 0.000000
 1.158000 0.000000 0.000000
 1.159000 0.000000 0.000000
 1.160000 0.000000 0.000000
 1.161000 0.000000 0.000000
 1.162000 0.000000 0.000000
 1.163000 0.000000 0.000000
 1.164000 0.000000 0.000000
 1.165000 0.000000 0.000000
 1.166000 0.000000 0.000000
 1.167000 0.000000 0.000000
 1.168000 0.000000 0.000000
 1.169000 0.000000 0.000000
 1.170000 0.000000 0.000000
 1.171000 0.000000 0.000000
 1.172000 0.000000 0.000000
 1.173000 0.000000 0.000000
 1.174000 0.000000 0.000000
 1.175000 0.000000 0.000000
 1.176000 0.000000 0.000000
 1.177000 0.000000 0.000000
 1.178000 0.000000 0.000000
 1.179000 0.000000 0.000000
 1.180000 0.000000 0.000000
 1.181000 0.000000 0.000000
 1.182000 0.000000 0.000000
 1.183000 0.000000 0.000000
 1.184000 0.000000 0.000000
 1.185000 0.000000 0.000000
 1.186000 0.000000 0.000000
 1.187000 0.000000 0.000000
 1.188000 0.000000 0.000000
 1.189000 0.000000 0.000000
 1.190000 0.000000 0.000000
 1.191000 0.000000 0.000000
 1.192000 0.000000 0.000000
 1.193000 0.000000 0.000000
 1.194000 0.000000 0.000000
 1.195000 0.000000 0.000000
 1.196000 0.000000 0.000000
 1.197000 0.000000 0.000000
 1.198000 0.000000 0.000000
 1.199000 0.000000 0.000000
 1.200000 0.000000 0.000000
 1.201000 0.000000 0.000000
 1.202000 0.000000 0.000000
 1.203000 0.000000 0.000000
 1.204000 0.000000 0.000000
 1.205000 0.000000 0.000000
 1.206000 0.000000 0.000000
 1.207000 0.000000 0.000000
 1.208000 0.000000 0.000000
 1.209000 0.000000 0.000000
 1.210000 0.000000 0.000000
 1.211000 0.000000 0.000000
 1.212000 0.000000 0.000000
 1.213000 0.000000 0.000000
 1.214000 0.000000 0.000000
 1.215000 0.000000 0.000000
 1.216000 0.000000 0.000000
 1.217000 0.000000 0.000000
 1.218000 0.000000 0.000000
 1.219000 0.000000 0.000000
 1.220000 0.000000 0.000000
 1.221000 0.000000 0.000000
 1.222000 0.000000 0.000000
 1.223000 0.000000 0.000000
 1.224000 0.000000 0.000000
 1.225000 0.000000 0.000000
 1.226000 0.000000 0.000000
 1.227000 0.000000 0.000000
 1.228000 0.000000 0.000000
 1.229000 0.000000 0.000000
 1.230000 0.000000 0.000000
 1.231000 0.000000 0.000000
 1.232000 0.000000 0.000000
 1.233000 0.000000 0.000000
 1.234000 0.000000 0.000000
 1.235000 0.000000 0.000000
 1.236000 0.000000 0.000000
 1.237000 0.000000 0.000000
 1.238000 0.000000 0.000000
 1.239000 0.000000 0.000000
 1.240000 0.000000 0.000000
 1.241000 0.000000 0.000000
 1.242000 0.000000 0.000000
 1.243000 0.000000 0.000000
 1.244000 0.000000 0.000000
 1.245000 0.000000 0.000000
 1.246000 0.000000 0.000000
 1.247000 0.000000 0.000000
 1.248000 0.000000 0.000000
 1.249000 0.000000 0.000000
 1.250000 0.000000 0.000000
 1.251000 0.000000 0.000000
 1.252000 0.000000 0.000000
 1.253000 0.000000 0.000000
 1.254000 0.000000 0.000000
 1.255000 0.000000 0.000000
 1.256000 0.000000 0.000000
 1.257000 0.000000 0.000000
 1.258000 0.000000 0.000000
 1.259000 0.000000 0.000000
 1.260000 0.000000 0.000000
 1.261000 0.000000 0.000000
 1.262000 0.000000 0.000000
 1.263000 0.000000 0.000000
 1.264000 0.000000 0.000000
 1.265000 0.000000 0.000000
 1.266000 0.000000 0.000000
 1.267000 0.000000 0.000000
 1.268000 0.000000 0.000000
 1.269000 0.000000 0.000000
 1.270000 0.000000 0.000000
 1.271000 0.000000 0.000000
 1.272000 0.000000 0.000000
 1.273000 0.000000 0.000000
 1.274000 0.000000 0.000000
 1.275000 0.000000 0.000000
 1.276000 0.000000 0.000000
 1.277000 0.000000 0.000000
 1.278000 0.000000 0.000000
 1.279000 0.000000 0.000000
 1.280000 0.000000 0.000000
 1.281000 0.000000 0.000000
 1.282000 0.000000 0.000000
 1.283000 0.000000 0.000000
 1.284000 0.000000 0.000000
 1.285000 0.000000 0.000000
 1.286000 0.000000 0.000000
 1.287000 0.000000 0.000000
 1.288000 0.000000 0.000000
 1.289000 0.000000 0.000000
 1.290000 0.000000 0.000000
 1.291000 0.000000 0.000000
 1.292000 0.000000 0.000000
 1.293000 0.000000 0.000000
 1.294000 0.000000 0.000000
 1.295000 0.000000 0.000000
 1.296000 0.000000 0.000000
 1.297000 0.000000 0.000000
 1.298000 0.000000 0.000000
 1.299000 0.000000 0.000000
 1.300000 0.000000 0.000000
 1.301000 0.000000 0.000000
 1.302000 0.000000 0.000000
 1.303000 0.000000 0.000000
 1.304000 0.000000 0.000000
 1.305000 0.000000 0.000000
 1.306000 0.000000 0.000000
 1.307000 0.000000 0.000000
 1.308000 0.000000 0.000000
 1.309000 0.000000 0.000000
 1.310000 0.000000 0.000000
 1.311000 0.000000 0.000000
 1.312000 0.000000 0.000000
 1.313000 0.000000 0.000000
 1.314000 0.000000 0.000000
 1.315000 0.000000 0.000000
 1.316000 0.000000 0.000000
 1.317000 0.000000 0.000000
 1.318000 0.000000 0.000000
 1.319000 0.000000 0.000000
 1.320000 0.000000 0.000000
 1.321000 0.000000 0.000000
 1.322000 0.000000 0.000000
 1.323000 0.000000 0.000000
 1.324000 0.000000 0.000000
 1.325000 0.000000 0.000000
 1.326000 0.000000 0.000000
 1.327000 0.000000 0.000000
 1.328000 0.000000 0.000000
 1.329000 0.000000 0.000000
 1.330000 0.000000 0.000000
 1.331000 0.000000 0.000000
 1.332000 0.000000 0.000000
 1.333000 0.000000 0.000000
 1.334000 0.000000 0.000000
 1.335000 0.000000 0.000000
 1.336000 0.000000 0.000000
 1.337000 0.000000 0.000000
 1.338000 0.000000 0.000000
 1.339000 0.000000 0.000000
 1.340000 0.000000 0.000000
 1.341000 0.000000 0.000000
 1.342000 0.000000 0.000000
 1.343000 0.000000 0.000000
 1.344000 0.000000 0.000000
 1.345000 0.000000 0.000000
 1.346000 0.000000 0.000000
 1.347000 0.000000 0.000000
 1.348000 0.000000 0.000000
 1.349000 0.000000 0.000000
 1.350000 0.000000 0.000000
 1.351000 0.000000 0.000000
 1.352000 0.000000 0.000000
 1.353000 0.000000 0.000000
 1.354000 0.000000 0.000000
 1.355000 0.000000 0.000000
 1.356000 0.000000 0.000000
 1.357000 0.000000 0.000000
 1.358000 0.000000 0.000000
 1.359000 0.000000 0.000000
 1.360000 0.000000 0.000000
 1.361000 0.000000 0.000000
 1.362000 0.000000 0.000000
 1.363000 0.000000 0.000000
 1.364000 0.000000 0.000000
 1.365000 0.000000 0.000000
 1.366000 0.000000 0.000000
 1.367000 0.000000 0.000000
 1.368000 0.000000 0.000000
 1.369000 0.000000 0.000000
 1.370000 0.000000 0.000000
 1.371000 0.000000 0.000000
 1.372000 0.000000 0.000000
 1.373000 0.000000 0.000000
 1.374000 0.000000 0.000000
 1.375000 0.000000 0.000000
 1.376000 0.000000 0.000000
 1.377000 0.000000 0.000000
 1.378000 0.000000 0.000000
 1.379000 0.000000 0.000000
 1.380000 0.000000 0.000000
 1.381000 0.000000 0.000000
 1.382000 0.000000 0.000000
 1.383000 0.000000 0.000000
 1.384000 0.000000 0.000000
 1.385000 0.000000 0.000000
 1.386000 0.000000 0.000000
 1.387000 0.000000 0.000000
 1.388000 0.000000 0.000000
 1.389000 0.000000 0.000000
 1.390000 0.000000 0.000000
 1.391000 0.000000 0.000000
 1.392000 0.000000 0.000000
 1.393000 0.000000 0.000000
 1.394000 0.000000 0.000000
 1.395000 0.000000 0.000000
 1.396000 0.000000 0.000000
 1.397000 0.000000 0.000000
 1.398000 0.000000 0.000000
 1.399000 0.000000 0.000000
 1.400000 0.000000 0.000000
 1.401000 0.000000 0.000000
 1.402000 0.000000 0.000000
 1.403000 0.000000 0.000000
 1.404000 0.000000 0.000000
 1.405000 0.000000 0.000000
 1.406000 0.000000 0.000000
 1.407000 0.000000 0.000000
 1.408000 0.000000 0.000000
 1.409000 0.000000 0.000000
 1.410000 0.000000 0.000000
 1.411000 0.000000 0.000000
 1.412000 0.000000 0.000000
 1.413000 0.000000 0.000000
 1.414000 0.000000 0.000000
 1.415000 0.000000 0.000000
 1.416000 0.000000 0.000000
 1.417000 0.000000 0.000000
 1.418000 0.000000 0.000000
 1.419000 0.000000 0.000000
 1.420000 0.000000 0.000000
 1.421000 0.000000 0.000000
 1.422000 0.000000 0.000000
 1.423000 0.000000 0.000000
 1.424000 0.000000 0.000000
 1.425000 0.000000 0.000000
 1.426000 0.000000 0.000000
 1.427000 0.000000 0.000000
 1.428000 0.000000 0.000000
 1.429000 0.000000 0.000000
 1.430000 0.000000 0.000000
 1.431000 0.000000 0.000000
 1.432000 0.000000 0.000000
 1.433000 0.000000 0.000000
 1.434000 0.000000 0.000000
 1.435000 0.000000 0.000000
 1.436000 0.000000 0.000000
 1.437000 0.000000 0.000000
 1.438000 0.000000 0.000000
 1.439000 0.000000 0.000000
 1.440000 0.000000 0.000000
 1.441000 0.000000 0.000000
 1.442000 0.000000 0.000000
 1.443000 0.000000 0.000000
 1.444000 0.000000 0.000000
 1.445000 0.000000 0.000000
 1.446000 0.000000 0.000000
 1.447000 0.000000 0.000000
 1.448000 0.000000 0.000000
 1.449000 0.000000 0.000000
 1.450000 0.000000 0.000000
 1.451000 0.000000 0.000000
 1.452000 0.000000 0.000000
 1.453000 0.000000 0.000000
 1.454000 0.000000 0.000000
 1.455000 0.000000 0.000000
 1.456000 0.000000 0.000000
 1.457000 0.000000 0.000000
 1.458000 0.000000 0.000000
 1.459000 0.000000 0.000000
 1.460000 0.000000 0.000000
 1.461000 0.000000 0.000000
 1.462000 0.000000 0.000000
 1.463000 0.000000 0.000000
 1.464000 0.000000 0.000000
 1.465000 0.000000 0.000000
 1.466000 0.000000 0.000000
 1.467000 0.000000 0.000000
 1.468000 0.000000 0.000000
 1.469000 0.000000 0.000000
 1.470000 0.000000 0.000000
 1.471000 0.000000 0.000000
 1.472000 0.000000 0.000000
 1.473000 0.000000 0.000000
 1.474000 0.000000 0.000000
 1.475000 0.000000 0.000000
 1.476000 0.000000 0.000000
 1.477000 0.000000 0.000000
 1.478000 0.000000 0.000000
 1.479000 0.000000 0.000000
 1.480000 0.000000 0.000000
 1.481000 0.000000 0.000000
 1.482000 0.000000 0.000000
 1.483000 0.000000 0.000000
 1.484000 0.000000 0.000000
 1.485000 0.000000 0.000000
 1.486000 0.000000 0.000000
 1.487000 0.000000 0.000000
 1.488000 0.000000 0.000000
 1.489000 0.000000 0.000000
 1.490000 0.000000 0.000000
 1.491000 0.000000 0.000000
 1.492000 0.000000 0.000000
 1.493000 0.000000 0.000000
 1.494000 0.000000 0.000000
 1.495000 0.000000 0.000000
 1.496000 0.000000 0.000000
 1.497000 0.000000 0.000000
 1.498000 0.000000 0.000000
 1.499000 0.000000 0.000000
 1.500000 0.000000 0.000000
 1.501000 0.000000 0.000000
 1.502000 0.000000 0.000000
 1.503000 0.000000 0.000000
 1.504000 0.000000 0.000000
 1.505000 0.000000 0.000000
 1.506000 0.000000 0.000000
 1.507000 0.000000 0.000000
 1.508000 0.000000 0.000000
 1.509000 0.000000 0.000000
 1.510000 0.000000 0.000000
 1.511000 0.000000 0.000000
 1.512000 0.000000 0.000000
 1.513000 0.000000 0.000000
 1.514000 0.000000 0.000000
 1.515000 0.000000 0.000000
 1.516000 0.000000 0.000000
 1.517000 0.000000 0.000000
 1.518000 0.000000 0.000000
 1.519000 0.000000 0.000000
 1.520000 0.000000 0.000000
 1.521000 0.000000 0.000000
 1.522000 0.000000 0.000000
 1.523000 0.000000 0.000000
 1.524000 0.000000 0.000000
 1.525000 0.000000 0.000000
 1.526000 0.000000 0.000000
 1.527000 0.000000 0.000000
 1.528000 0.000000 0.000000
 1.529000 0.000000 0.000000
 1.530000 0.000000 0.000000
 1.531000 0.000000 0.000000
 1.532000 0.000000 0.000000
 1.533000 0.000000 0.000000
 1.534000 0.000000 0.000000
 1.535000 0.000000 0.000000
 1.536000 0.000000 0.000000
 1.537000 0.000000 0.000000
 1.538000 0.000000 0.000000
 1.539000 0.000000 0.000000
 1.540000 0.000000 0.000000
 1.541000 0.000000 0.000000
 1.542000 0.000000 0.000000
 1.543000 0.000000 0.000000
 1.544000 0.000000 0.000000
 1.545000 0.000000 0.000000
 1.546000 0.000000 0.000000
 1.547000 0.000000 0.000000
 1.548000 0.000000 0.000000
 1.549000 0.000000 0.000000
 1.550000 0.000000 0.000000
 1.551000 0.000000 0.000000
 1.552000 0.000000 0.000000
 1.553000 0.000000 0.000000
 1.554000 0.000000 0.000000
 1.555000 0.000000 0.000000
 1.556000 0.000000 0.000000
 1.557000 0.000000 0.000000
 1.558000 0.000000 0.000000
 1.559000 0.000000 0.000000
 1.560000 0.000000 0.000000
 1.561000 0.000000 0.000000
 1.562000 0.000000 0.000000
 1.563000 0.000000 0.000000
 1.564000 0.000000 0.000000
 1.565000 0.000000 0.000000
 1.566000 0.000000 0.000000
 1.567000 0.000000 0.000000
 1.568000 0.000000 0.000000
 1.569000 0.000000 0.000000
 1.570000 0.000000 0.000000
 1.571000 0.000000 0.000000
 1.572000 0.000000 0.000000
 1.573000 0.000000 0.000000
 1.574000 0.000000 0.000000
 1.575000 0.000000 0.000000
 1.576000 0.000000 0.000000
 1.577000 0.000000 0.000000
 1.578000 0.000000 0.000000
 1.579000 0.000000 0.000000
 1.580000 0.000000 0.000000
 1.581000 0.000000 0.000000
 1.582000 0.000000 0.000000
 1.583000 0.000000 0.000000
 1.584000 0.000000 0.000000
 1.585000 0.000000 0.000000
 1.586000 0.000000 0.000000
 1.587000 0.000000 0.000000
 1.588000 0.000000 0.000000
 1.589000 0.000000 0.000000
 1.590000 0.000000 0.000000
 1.591000 0.000000 0.000000
 1.592000 0.000000 0.000000
 1.593000 0.000000 0.000000
 1.594000 0.000000 0.000000
 1.595000 0.000000 0.000000
 1.596000 0.000000 0.000000
 1.597000 0.000000 0.000000
 1.598000 0.000000 0.000000
 1.599000 0.000000 0.000000
 1.600000 0.000000 0.000000
 1.601000 0.000000 0.000000
 1.602000 0.000000 0.000000
 1.603000 0.000000 0.000000
 1.604000 0.000000 0.000000
 1.605000 0.000000 0.000000
 1.606000 0.000000 0.000000
 1.607000 0.000000 0.000000
 1.608000 0.000000 0.000000
 1.609000 0.000000 0.000000
 1.610000 0.000000 0.000000
 1.611000 0.000000 0.000000
 1.612000 0.000000 0.000000
 1.613000 0.000000 0.000000
 1.614000 0.000000 0.000000
 1.615000 0.000000 0.000000
 1.616000 0.000000 0.000000
 1.617000 0.000000 0.000000
 1.618000 0.000000 0.000000
 1.619000 0.000000 0.000000
 1.620000 0.000000 0.000000
 1.621000 0.000000 0.000000
 1.622000 0.000000 0.000000
 1.623000 0.000000 0.000000
 1.624000 0.000000 0.000000
 1.625000 0.000000 0.000000
 1.626000 0.000000 0.000000
 1.627000 0.000000 0.000000
 1.628000 0.000000 0.000000
 1.629000 0.000000 0.000000
 1.630000 0.000000 0.000000
 1.631000 0.000000 0.000000
 1.632000 0.000000 0.000000
 1.633000 0.000000 0.000000
 1.634000 0.000000 0.000000
 1.635000 0.000000 0.000000
 1.636000 0.000000 0.000000
 1.637000 0.000000 0.000000
 1.638000 0.000000 0.000000
 1.639000 0.000000 0.000000
 1.640000 0.000000 0.000000
 1.641000 0.000000 0.000000
 1.642000 0.000000 0.000000
 1.643000 0.000000 0.000000
 1.644000 0.000000 0.000000
 1.645000 0.000000 0.000000
 1.646000 0.000000 0.000000
 1.647000 0.000000 0.000000
 1.648000 0.000000 0.000000
 1.649000 0.000000 0.000000
 1.650000 0.000000 0.000000
 1.651000 0.000000 0.000000
 1.652000 0.000000 0.000000
 1.653000 0.000000 0.000000
 1.654000 0.000000 0.000000
 1.655000 0.000000 0.000000
 1.656000 0.000000 0.000000
 1.657000 0.000000 0.000000
 1.658000 0.000000 0.000000
 1.659000 0.000000 0.000000
 1.660000 0.000000 0.000000
 1.661000 0.000000 0.000000
 1.662000 0.000000 0.000000
 1.663000 0.000000 0.000000
 1.664000 0.000000 0.000000
 1.665000 0.000000 0.000000
 1.666000 0.000000 0.000000
 1.667000 0.000000 0.000000
 1.668000 0.000000 0.000000
 1.669000 0.000000 0.000000
 1.670000 0.000000 0.000000
 1.671000 0.000000 0.000000
 1.672000 0.000000 0.000000
 1.673000 0.000000 0.000000
 1.674000 0.000000 0.000000
 1.675000 0.000000 0.000000
 1.676000 0.000000 0.000000
 1.677000 0.000000 0.000000
 1.678000 0.000000 0.000000
 1.679000 0.000000 0.000000
 1.680000 0.000000 0.000000
 1.681000 0.000000 0.000000
 1.682000 0.000000 0.000000
 1.683000 0.000000 0.000000
 1.684000 0.000000 0.000000
 1.685000 0.000000 0.000000
 1.686000 0.000000 0.000000
 1.687000 0.000000 0.000000
 1.688000 0.000000 0.000000
 1.689000 0.000000 0.000000
 1.690000 0.000000 0.000000
 1.691000 0.000000 0.000000
 1.692000 0.000000 0.000000
 1.693000 0.000000 0.000000
 1.694000 0.000000 0.000000
 1.695000 0.000000 0.000000
 1.696000 0.000000 0.000000
 1.697000 0.000000 0.000000
 1.698000 0.000000 0.000000
 1.699000 0.000000 0.000000
 1.700000 0.000000 0.000000
 1.701000 0.000000 0.000000
 1.702000 0.000000 0.000000
 1.703000 0.000000 0.000000
 1.704000 0.000000 0.000000
 1.705000 0.000000 0.000000
 1.706000 0.000000 0.000000
 1.707000 0.000000 0.000000
 1.708000 0.000000 0.000000
 1.709000 0.000000 0.000000
 1.710000 0.000000 0.000000
 1.711000 0.000000 0.000000
 1.712000 0.000000 0.000000
 1.713000 0.000000 0.000000
 1.714000 0.000000 0.000000
 1.715000 0.000000 0.000000
 1.716000 0.000000 0.000000
 1.717000 0.000000 0.000000
 1.718000 0.000000 0.000000
 1.719000 0.000000 0.000000
 1.720000 0.000000 0.000000
 1.721000 0.000000 0.000000
 1.722000 0.000000 0.000000
 1.723000 0.000000 0.000000
 1.724000 0.000000 0.000000
 1.725000 0.000000 0.000000
 1.726000 0.000000 0.000000
 1.727000 0.000000 0.000000
 1.728000 0.000000 0.000000
 1.729000 0.000000 0.000000
 1.730000 0.000000 0.000000
 1.731000 0.000000 0.000000
 1.732000 0.000000 0.000000
 1.733000 0.000000 0.000000
 1.734000 0.000000 0.000000
 1.735000 0.000000 0.000000
 1.736000 0.000000 0.000000
 1.737000 0.000000 0.000000
 1.738000 0.000000 0.000000
 1.739000 0.000000 0.000000
 1.740000 0.000000 0.000000
 1.741000 0.000000 0.000000
 1.742000 0.000000 0.000000
 1.743000 0.000000 0.000000
 1.744000 0.000000 0.000000
 1.745000 0.000000 0.000000
 1.746000 0.000000 0.000000
 1.747000 0.000000 0.000000
 1.748000 0.000000 0.000000
 1.749000 0.000000 0.000000
 1.750000 0.000000 0.000000
 1.751000 0.000000 0.000000
 1.752000 0.000000 0.000000
 1.753000 0.000000 0.000000
 1.754000 0.000000 0.000000
 1.755000 0.000000 0.000000
 1.756000 0.000000 0.000000
 1.757000 0.000000 0.000000
 1.758000 0.000000 0.000000
 1.759000 0.000000 0.000000
 1.760000 0.000000 0.000000
 1.761000 0.000000 0.000000
 1.762000 0.000000 0.000000
 1.763000 0.000000 0.000000
 1.764000 0.000000 0.000000
 1.765000 0.000000 0.000000
 1.766000 0.000000 0.000000
 1.767000 0.000000 0.000000
 1.768000 0.000000 0.000000
 1.769000 0.000000 0.000000
 1.770000 0.000000 0.000000
 1.771000 0.000000 0.000000
 1.772000 0.000000 0.000000
 1.773000 0.000000 0.000000
 1.774000 0.000000 0.000000
 1.775000 0.000000 0.000000
 1.776000 0.000000 0.000000
 1.777000 0.000000 0.000000
 1.778000 0.000000 0.000000
 1.779000 0.000000 0.000000
 1.780000 0.000000 0.000000
 1.781000 0.000000 0.000000
 1.782000 0.000000 0.000000
 1.783000 0.000000 0.000000
 1.784000 0.000000 0.000000
 1.785000 0.000000 0.000000
 1.786000 0.000000 0.000000
 1.787000 0.000000 0.000000
 1.788000 0.000000 0.000000
 1.789000 0.000000 0.000000
 1.790000 0.000000 0.000000
 1.791000 0.000000 0.000000
 1.792000 0.000000 0.000000
 1.793000 0.000000 0.000000
 1.794000 0.000000 0.000000
 1.795000 0.000000 0.000000
 1.796000 0.000000 0.000000
 1.797000 0.000000 0.000000
 1.798000 0.000000 0.000000
 1.799000 0.000000 0.000000
 1.800000 0.000000 0.000000
 1.801000 0.000000 0.000000
 1.802000 0.000000 0.000000
 1.803000 0.000000 0.000000
 1.804000 0.000000 0.000000
 1.805000 0.000000 0.000000
 1.806000 0.000000 0.000000
 1.807000 0.000000 0.000000
 1.808000 0.000000 0.000000
 1.809000 0.000000 0.000000
 1.810000 0.000000 0.000000
 1.811000 0.000000 0.000000
 1.812000 0.000000 0.000000
 1.813000 0.000000 0.000000
 1.814000 0.000000 0.000000
 1.815000 0.000000 0.000000
 1.816000 0.000000 0.000000
 1.817000 0.000000 0.000000
 1.818000 0.000000 0.000000
 1.819000 0.000000 0.000000
 1.820000 0.000000 0.000000
 1.821000 0.000000 0.000000
 1.822000 0.000000 0.000000
 1.823000 0.000000 0.000000
 1.824000 0.000000 0.000000
 1.825000 0.000000 0.000000
 1.826000 0.000000 0.000000
 1.827000 0.000000 0.000000
 1.828000 0.000000 0.000000
 1.829000 0.000000 0.000000
 1.830000 0.000000 0.000000
 1.831000 0.000000 0.000000
 1.832000 0.000000 0.000000
 1.833000 0.000000 0.000000
 1.834000 0.000000 0.000000
 1.835000 0.000000 0.000000
 1.836000 0.000000 0.000000
 1.837000 0.000000 0.000000
 1.838000 0.000000 0.000000
 1.839000 0.000000 0.000000
 1.840000 0.000000 0.000000
 1.841000 0.000000 0.000000
 1.842000 0.000000 0.000000
 1.843000 0.000000 0.000000
 1.844000 0.000000 0.000000
 1.845000 0.000000 0.000000
 1.846000 0.000000 0.000000
 1.847000 0.000000 0.000000
 1.848000 0.000000 0.000000
 1.849000 0.000000 0.000000
 1.850000 0.000000 0.000000
 1.851000 0.000000 0.000000
 1.852000 0.000000 0.000000
 1.853000 0.000000 0.000000
 1.854000 0.000000 0.000000
 1.855000 0.000000 0.000000
 1.856000 0.000000 0.000000
 1.857000 0.000000 0.000000
 1.858000 0.000000 0.000000
 1.859000 0.000000 0.000000
 1.860000 0.000000 0.000000
 1.861000 0.000000 0.000000
 1.862000 0.000000 0.000000
 1.863000 0.000000 0.000000
 1.864000 0.000000 0.000000
 1.865000 0.000000 0.000000
 1.866000 0.000000 0.000000
 1.867000 0.000000 0.000000
 1.868000 0.000000 0.000000
 1.869000 0.000000 0.000000
 1.870000 0.000000 0.000000
 1.871000 0.000000 0.000000
 1.872000 0.000000 0.000000
 1.873000 0.000000 0.000000
 1.874000 0.000000 0.000000
 1.875000 0.000000 0.000000
 1.876000 0.000000 0.000000
 1.877000 0.000000 0.000000
 1.878000 0.000000 0.000000
 1.879000 0.000000 0.000000
 1.880000 0.000000 0.000000
 1.881000 0.000000 0.000000
 1.882000 0.000000 0.000000
 1.883000 0.000000 0.000000
 1.884000 0.000000 0.000000
 1.885000 0.000000 0.000000
 1.886000 0.000000 0.000000
 1.887000 0.000000 0.000000
 1.888000 0.000000 0.000000
 1.889000 0.000000 0.000000
 1.890000 0.000000 0.000000
 1.891000 0.000000 0.000000
 1.892000 0.000000 0.000000
 1.893000 0.000000 0.000000
 1.894000 0.000000 0.000000
 1.895000 0.000000 0.000000
 1.896000 0.000000 0.000000
 1.897000 0.000000 0.000000
 1.898000 0.000000 0.000000
 1.899000 0.000000 0.000000
 1.900000 0.000000 0.000000
 1.901000 0.000000 0.000000
 1.902000 0.000000 0.000000
 1.903000 0.000000 0.000000
 1.904000 0.000000 0.000000
 1.905000 0.000000 0.000000
 1.906000 0.000000 0.000000
 1.907000 0.000000 0.000000
 1.908000 0.000000 0.000000
 1.909000 0.000000 0.000000
 1.910000 0.000000 0.000000
 1.911000 0.000000 0.000000
 1.912000 0.000000 0.000000
 1.913000 0.000000 0.000000
 1.914000 0.000000 0.000000
 1.915000 0.000000 0.000000
 1.916000 0.000000 0.000000
 1.917000 0.000000 0.000000
 1.918000 0.000000 0.000000
 1.919000 0.000000 0.000000
 1.920000 0.000000 0.000000
 1.921000 0.000000 0.000000
 1.922000 0.000000 0.000000
 1.923000 0.000000 0.000000
 1.924000 0.000000 0.000000
 1.925000 0.000000 0.000000
 1.926000 0.000000 0.000000
 1.927000 0.000000 0.000000
 1.928000 0.000000 0.000000
 1.929000 0.000000 0.000000
 1.930000 0.000000 0.000000
 1.931000 0.000000 0.000000
 1.932000 0.000000 0.000000
 1.933000 0.000000 0.000000
 1.934000 0.000000 0.000000
 1.935000 0.000000 0.000000
 1.936000 0.000000 0.000000
 1.937000 0.000000 0.000000
 1.938000 0.000000 0.000000
 1.939000 0.000000 0.000000
 1.940000 0.000000 0.000000
 1.941000 0.000000 0.000000
 1.942000 0.000000 0.000000
 1.943000 0.000000 0.000000
 1.944000 0.000000 0.000000
 1.945000 0.000000 0.000000
 1.946000 0.000000 0.000000
 1.947000 0.000000 0.000000
 1.948000 0.000000 0.000000
 1.949000 0.000000 0.000000
 1.950000 0.000000 0.000000
 1.951000 0.000000 0.000000
 1.952000 0.000000 0.000000
 1.953000 0.000000 0.000000
 1.954000 0.000000 0.000000
 1.955000 0.000000 0.000000
 1.956000 0.000000 0.000000
 1.957000 0.000000 0.000000
 1.958000 0.000000 0.000000
 1.959000 0.000000 0.000000
 1.960000 0.000000 0.000000
 1.961000 0.000000 0.000000
 1.962000 0.000000 0.000000
 1.963000 0.000000 0.000000
 1.964000 0.000000 0.000000
 1.965000 0.000000 0.000000
 1.966000 0.000000 0.000000
 1.967000 0.000000 0.000000
 1.968000 0.000000 0.000000
 1.969000 0.000000 0.000000
 1.970000 0.000000 0.000000
 1.971000 0.000000 0.000000
 1.972000 0.000000 0.000000
 1.973000 0.000000 0.000000
 1.974000 0.000000 0.000000
 1.975000 0.000000 0.000000
 1.976000 0.000000 0.000000
 1.977000 0.000000 0.000000
 1.978000 0.000000 0.000000
 1.979000 0.000000 0.000000
 1.980000 0.000000 0.000000
 1.981000 0.000000 0.000000
 1.982000 0.000000 0.000000
 1.983000 0.000000 0.000000
 1.984000 0.000000 0.000000
 1.985000 0.000000 0.000000
 1.986000 0.000000 0.000000
 1.987000 0.000000 0.000000
 1.988000 0.000000 0.000000
 1.989000 0.000000 0.000000
 1.990000 0.000000 0.000000
 1.991000 0.000000 0.000000
 1.992000 0.000000 0.000000
 1.993000 0.000000 0.000000
 1.994000 0.000000 0.000000
 1.995000 0.000000 0.000000
 1.996000 0.000000 0.000000
 1.997000 0.000000 0.000000
 1.998000 0.000000 0.000000
 1.999000 0.000000 0.000000
 2.000000 0.000000 0.000000
 2.001000 0.000000 0.000000
 2.002000 0.000000 0.000000
 2.003000 0.000000 0.000000
 2.004000 0.000000 0.000000
 2.005000 0.000000 0.000000
 2.006000 0.000000 0.000000
 2.007000 0.000000 0.000000
 2.008000 0.000000 0.000000
 2.009000 0.000000 0.000000
 2.010000 0.000000 0.000000
 2.011000 0.000000 0.000000
 2.012000 0.000000 0.000000
 2.013000 0.000000 0.000000
 2.014000 0.000000 0.000000
 2.015000 0.000000 0.000000
 2.016000 0.000000 0.000000
 2.017000 0.000000 0.000000
 2.018000 0.000000 0.000000
 2.019000 0.000000 0.000000
 2.020000 0.000000 0.000000
 2.021000 0.000000 0.000000
 2.022000 0.000000 0.000000
 2.023000 0.000000 0.000000
 2.024000 0.000000 0.000000
 2.025000 0.000000 0.000000
 2.026000 0.000000 0.000000
 2.027000 0.000000 0.000000
 2.028000 0.000000 0.000000
 2.029000 0.000000 0.000000
 2.030000 0.000000 0.000000
 2.031000 0.000000 0.000000
 2.032000 0.000000 0.000000
 2.033000 0.000000 0.000000
 2.034000 0.000000 0.000000
 2.035000 0.000000 0.000000
 2.036000 0.000000 0.000000
 2.037000 0.000000 0.000000
 2.038000 0.000000 0.000000
 2.039000 0.000000 0.000000
 2.040000 0.000000 0.000000
 2.041000 0.000000 0.000000
 2.042000 0.000000 0.000000
 2.043000 0.000000 0.000000
 2.044000 0.000000 0.000000
 2.045000 0.000000 0.000000
 2.046000 0.000000 0.000000
 2.047000 0.000000 0.000000
 2.048000 0.000000 0.000000
 2.049000 0.000000 0.000000
 2.050000 0.000000 0.000000
 2.051000 0.000000 0.000000
 2.052000 0.000000 0.000000
 2.053000 0.000000 0.000000
 2.054000 0.000000 0.000000
 2.055000 0.000000 0.000000
 2.056000 0.000000 0.000000
 2.057000 0.000000 0.000000
 2.058000 0.000000 0.000000
 2.059000 0.000000 0.000000
 2.060000 0.000000 0.000000
 2.061000 0.000000 0.000000
 2.062000 0.000000 0.000000
 2.063000 0.000000 0.000000
 2.064000 0.000000 0.000000
 2.065000 0.000000 0.000000
 2.066000 0.000000 0.000000
 2.067000 0.000000 0.000000
 2.068000 0.000000 0.000000
 2.069000 0.000000 0.000000
 2.070000 0.000000 0.000000
 2.071000 0.000000 0.000000
 2.072000 0.000000 0.000000
 2.073000 0.000000 0.000000
 2.074000 0.000000 0.000000
 2.075000 0.000000 0.000000
 2.076000 0.000000 0.000000
 2.077000 0.000000 0.000000
 2.078000 0.000000 0.000000
 2.079000 0.000000 0.000000
 2.080000 0.000000 0.000000
 2.081000 0.000000 0.000000
 2.082000 0.000000 0.000000
 2.083000 0.000000 0.000000
 2.084000 0.000000 0.000000
 2.085000 0.000000 0.000000
 2.086000 0.000000 0.000000
 2.087000 0.000000 0.000000
 2.088000 0.000000 0.000000
 2.089000 0.000000 0.000000
 2.090000 0.000000 0.000000
 2.091000 0.000000 0.000000
 2.092000 0.000000 0.000000
 2.093000 0.000000 0.000000
 2.094000 0.000000 0.000000
 2.095000 0.000000 0.000000
 2.096000 0.000000 0.000000
 2.097000 0.000000 0.000000
 2.098000 0.000000 0.000000
 2.099000 0.000000 0.000000
 2.100000 0.000000 0.000000
 2.101000 0.000000 0.000000
 2.102000 0.000000 0.000000
 2.103000 0.000000 0.000000
 2.104000 0.000000 0.000000
 2.105000 0.000000 0.000000
 2.106000 0.000000 0.000000
 2.107000 0.000000 0.000000
 2.108000 0.000000 0.000000
 2.109000 0.000000 0.000000
 2.110000 0.000000 0.000000
 2.111000 0.000000 0.000000
 2.112000 0.000000 0.000000
 2.113000 0.000000 0.000000
 2.114000 0.000000 0.000000
 2.115000 0.000000 0.000000
 2.116000 0.000000 0.000000
 2.117000 0.000000 0.000000
 2.118000 0.000000 0.000000
 2.119000 0.000000 0.000000
 2.120000 0.000000 0.000000
 2.121000 0.000000 0.000000
 2.122000 0.000000 0.000000
 2.123000 0.000000 0.000000
 2.124000 0.000000 0.000000
 2.125000 0.000000 0.000000
 2.126000 0.000000 0.000000
 2.127000 0.000000 0.000000
 2.128000 0.000000 0.000000
 2.129000 0.000000 0.000000
 2.130000 0.000000 0.000000
 2.131000 0.000000 0.000000
 2.132000 0.000000 0.000000
 2.133000 0.000000 0.000000
 2.134000 0.000000 0.000000
 2.135000 0.000000 0.000000
 2.136000 0.000000 0.000000
 2.137000 0.000000 0.000000
 2.138000 0.000000 0.000000
 2.139000 0.000000 0.000000
 2.140000 0.000000 0.000000
 2.141000 0.000000 0.000000
 2.142000 0.000000 0.000000
 2.143000 0.000000 0.000000
 2.144000 0.000000 0.000000
 2.145000 0.000000 0.000000
 2.146000 0.000000 0.000000
 2.147000 0.000000 0.000000
 2.148000 0.000000 0.000000
 2.149000 0.000000 0.000000
 2.150000 0.000000 0.000000
 2.151000 0.000000 0.000000
 2.152000 0.000000 0.000000
 2.153000 0.000000 0.000000
 2.154000 0.000000 0.000000
 2.155000 0.000000 0.000000
 2.156000 0.000000 0.000000
 2.157000 0.000000 0.000000
 2.158000 0.000000 0.000000
 2.159000 0.000000 0.000000
 2.160000 0.000000 0.000000
 2.161000 0.000000 0.000000
 2.162000 0.000000 0.000000
 2.163000 0.000000 0.000000
 2.164000 0.000000 0.000000
 2.165000 0.000000 0.000000
 2.166000 0.000000 0.000000
 2.167000 0.000000 0.000000
 2.168000 0.000000 0.000000
 2.169000 0.000000 0.000000
 2.170000 0.000000 0.000000
 2.171000 0.000000 0.000000
 2.172000 0.000000 0.000000
 2.173000 0.000000 0.000000
 2.174000 0.000000 0.000000
 2.175000 0.000000 0.000000
 2.176000 0.000000 0.000000
 2.177000 0.000000 0.000000
 2.178000 0.000000 0.000000
 2.179000 0.000000 0.000000
 2.180000 0.000000 0.000000
 2.181000 0.000000 0.000000
 2.182000 0.000000 0.000000
 2.183000 0.000000 0.000000
 2.184000 0.000000 0.000000
 2.185000 0.000000 0.000000
 2.186000 0.000000 0.000000
 2.187000 0.000000 0.000000
 2.188000 0.000000 0.000000
 2.189000 0.000000 0.000000
 2.190000 0.000000 0.000000
 2.191000 0.000000 0.000000
 2.192000 0.000000 0.000000
 2.193000 0.000000 0.000000
 2.194000 0.000000 0.000000
 2.195000 0.000000 0.000000
 2.196000 0.000000 0.000000
 2.197000 0.000000 0.000000
 2.198000 0.000000 0.000000
 2.199000 0.000000 0.000000
 2.200000 0.000000 0.000000
 2.201000 0.000000 0.000000
 2.202000 0.000000 0.000000
 2.203000 0.000000 0.000000
 2.204000 0.000000 0.000000
 2.205000 0.000000 0.000000
 2.206000 0.000000 0.000000
 2.207000 0.000000 0.000000
 2.208000 0.000000 0.000000
 2.209000 0.000000 0.000000
 2.210000 0.000000 0.000000
 2.211000 0.000000 0.000000
 2.212000 0.000000 0.000000
 2.213000 0.000000 0.000000
 2.214000 0.000000 0.000000
 2.215000 0.000000 0.000000
 2.216000 0.000000 0.000000
 2.217000 0.000000 0.000000
 2.218000 0.000000 0.000000
 2.219000 0.000000 0.000000
 2.220000 0.000000 0.000000
 2.221000 0.000000 0.000000
 2.222000 0.000000 0.000000
 2.223000 0.000000 0.000000
 2.224000 0.000000 0.000000
 2.225000 0.000000 0.000000
 2.226000 0.000000 0.000000
 2.227000 0.000000 0.000000
 2.228000 0.000000 0.000000
 2.229000 0.000000 0.000000
 2.230000 0.000000 0.000000
 2.231000 0.000000 0.000000
 2.232000 0.000000 0.000000
 2.233000 0.000000 0.000000
 2.234000 0.000000 0.000000
 2.235000 0.000000 0.000000
 2.236000 0.000000 0.000000
 2.237000 0.000000 0.000000
 2.238000 0.000000 0.000000
 2.239000 0.000000 0.000000
 2.240000 0.000000 0.000000
 2.241000 0.000000 0.000000
 2.242000 0.000000 0.000000
 2.243000 0.000000 0.000000
 2.244000 0.000000 0.000000
 2.245000 0.000000 0.000000
 2.246000 0.000000 0.000000
 2.247000 0.000000 0.000000
 2.248000 0.000000 0.000000
 2.249000 0.000000 0.000000
 2.250000 0.000000 0.000000
 2.251000 0.000000 0.000000
 2.252000 0.000000 0.000000
 2.253000 0.000000 0.000000
 2.254000 0.000000 0.000000
 2.255000 0.000000 0.000000
 2.256000 0.000000 0.000000
 2.257000 0.000000 0.000000
 2.258000 0.000000 0.000000
 2.259000 0.000000 0.000000
 2.260000 0.000000 0.000000
 2.261000 0.000000 0.000000
 2.262000 0.000000 0.000000
 2.263000 0.000000 0.000000
 2.264000 0.000000 0.000000
 2.265000 0.000000 0.000000
 2.266000 0.000000 0.000000
 2.267000 0.000000 0.000000
 2.268000 0.000000 0.000000
 2.269000 0.000000 0.000000
 2.270000 0.000000 0.000000
 2.271000 0.000000 0.000000
 2.272000 0.000000 0.000000
 2.273000 0.000000 0.000000
 2.274000 0.000000 0.000000
 2.275000 0.000000 0.000000
 2.276000 0.000000 0.000000
 2.277000 0.000000 0.000000
 2.278000 0.000000 0.000000
 2.279000 0.000000 0.000000
 2.280000 0.000000 0.000000
 2.281000 0.000000 0.000000
 2.282000 0.000000 0.000000
 2.283000 0.000000 0.000000
 2.284000 0.000000 0.000000
 2.285000 0.000000 0.000000
 2.286000 0.000000 0.000000
 2.287000 0.000000 0.000000
 2.288000 0.000000 0.000000
 2.289000 0.000000 0.000000
 2.290000 0.000000 0.000000
 2.291000 0.000000 0.000000
 2.292000 0.000000 0.000000
 2.293000 0.000000 0.000000
 2.294000 0.000000 0.000000
 2.295000 0.000000 0.000000
 2.296000 0.000000 0.000000
 2.297000 0.000000 0.000000
 2.298000 0.000000 0.000000
 2.299000 0.000000 0.000000
 2.300000 0.000000 0.000000
 2.301000 0.000000 0.000000
 2.302000 0.000000 0.000000
 2.303000 0.000000 0.000000
 2.304000 0.000000 0.000000
 2.305000 0.000000 0.000000
 2.306000 0.000000 0.000000
 2.307000 0.000000 0.000000
 2.308000 0.000000 0.000000
 2.309000 0.000000 0.000000
 2.310000 0.000000 0.000000
 2.311000 0.000000 0.000000
 2.312000 0.000000 0.000000
 2.313000 0.000000 0.000000
 2.314000 0.000000 0.000000
 2.315000 0.000000 0.000000
 2.316000 0.000000 0.000000
 2.317000 0.000000 0.000000
 2.318000 0.000000 0.000000
 2.319000 0.000000 0.000000
 2.320000 0.000000 0.000000
 2.321000 0.000000 0.000000
 2.322000 0.000000 0.000000
 2.323000 0.000000 0.000000
 2.324000 0.000000 0.000000
 2.325000 0.000000 0.000000
 2.326000 0.000000 0.000000
 2.327000 0.000000 0.000000
 2.328000 0.000000 0.000000
 2.329000 0.000000 0.000000
 2.330000 0.000000 0.000000
 2.331000 0.000000 0.000000
 2.332000 0.000000 0.000000
 2.333000 0.000000 0.000000
 2.334000 0.000000 0.000000
 2.335000 0.000000 0.000000
 2.336000 0.000000 0.000000
 2.337000 0.000000 0.000000
 2.338000 0.000000 0.000000
 2.339000 0.000000 0.000000
 2.340000 0.000000 0.000000
 2.341000 0.000000 0.000000
 2.342000 0.000000 0.000000
 2.343000 0.000000 0.000000
 2.344000 0.000000 0.000000
 2.345000 0.000000 0.000000
 2.346000 0.000000 0.000000
 2.347000 0.000000 0.000000
 2.348000 0.000000 0.000000
 2.349000 0.000000 0.000000
 2.350000 0.000000 0.000000
 2.351000 0.000000 0.000000
 2.352000 0.000000 0.000000
 2.353000 0.000000 0.000000
 2.354000 0.000000 0.000000
 2.355000 0.000000 0.000000
 2.356000 0.000000 0.000000
 2.357000 0.000000 0.000000
 2.358000 0.000000 0.000000
 2.359000 0.000000 0.000000
 2.360000 0.000000 0.000000
 2.361000 0.000000 0.000000
 2.362000 0.000000 0.000000
 2.363000 0.000000 0.000000
 2.364000 0.000000 0.000000
 2.365000 0.000000 0.000000
 2.366000 0.000000 0.000000
 2.367000 0.000000 0.000000
 2.368000 0.000000 0.000000
 2.369000 0.000000 0.000000
 2.370000 0.000000 0.000000
 2.371000 0.000000 0.000000
 2.372000 0.000000 0.000000
 2.373000 0.000000 0.000000
 2.374000 0.000000 0.000000
 2.375000 0.000000 0.000000
 2.376000 0.000000 0.000000
 2.377000 0.000000 0.000000
 2.378000 0.000000 0.000000
 2.379000 0.000000 0.000000
 2.380000 0.000000 0.000000
 2.381000 0.000000 0.000000
 2.382000 0.000000 0.000000
 2.383000 0.000000 0.000000
 2.384000 0.000000 0.000000
 2.385000 0.000000 0.000000
 2.386000 0.000000 0.000000
 2.387000 0.000000 0.000000
 2.388000 0.000000 0.000000
 2.389000 0.000000 0.000000
 2.390000 0.000000 0.000000
 2.391000 0.000000 0.000000
 2.392000 0.000000 0.000000
 2.393000 0.000000 0.000000
 2.394000 0.000000 0.000000
 2.395000 0.000000 0.000000
 2.396000 0.000000 0.000000
 2.397000 0.000000 0.000000
 2.398000 0.000000 0.000000
 2.399000 0.000000 0.000000
 2.400000 0.000000 0.000000
 2.401000 0.000000 0.000000
 2.402000 0.000000 0.000000
 2.403000 0.000000 0.000000
 2.404000 0.000000 0.000000
 2.405000 0.000000 0.000000
 2.406000 0.000000 0.000000
 2.407000 0.000000 0.000000
 2.408000 0.000000 0.000000
 2.409000 0.000000 0.000000
 2.410000 0.000000 0.000000
 2.411000 0.000000 0.000000
 2.412000 0.000000 0.000000
 2.413000 0.000000 0.000000
 2.414000 0.000000 0.000000
 2.415000 0.000000 0.000000
 2.416000 0.000000 0.000000
 2.417000 0.000000 0.000000
 2.418000 0.000000 0.000000
 2.419000 0.000000 0.000000
 2.420000 0.000000 0.000000
 2.421000 0.000000 0.000000
 2.422000 0.000000 0.000000
 2.423000 0.000000 0.000000
 2.424000 0.000000 0.000000
 2.425000 0.000000 0.000000
 2.426000 0.000000 0.000000
 2.427000 0.000000 0.000000
 2.428000 0.000000 0.000000
 2.429000 0.000000 0.000000
 2.430000 0.000000 0.000000
 2.431000 0.000000 0.000000
 2.432000 0.000000 0.000000
 2.433000 0.000000 0.000000
 2.434000 0.000000 0.000000
 2.435000 0.000000 0.000000
 2.436000 0.000000 0.000000
 2.437000 0.000000 0.000000
 2.438000 0.000000 0.000000
 2.439000 0.000000 0.000000
 2.440000 0.000000 0.000000
 2.441000 0.000000 0.000000
 2.442000 0.000000 0.000000
 2.443000 0.000000 0.000000
 2.444000 0.000000 0.000000
 2.445000 0.000000 0.000000
 2.446000 0.000000 0.000000
 2.447000 0.000000 0.000000
 2.448000 0.000000 0.000000
 2.449000 0.000000 0.000000
 2.450000 0.000000 0.000000
 2.451000 0.000000 0.000000
 2.452000 0.000000 0.000000
 2.453000 0.000000 0.000000
 2.454000 0.000000 0.000000
 2.455000 0.000000 0.000000
 2.456000 0.000000 0.000000
 2.457000 0.000000 0.000000
 2.458000 0.000000 0.000000
 2.459000 0.000000 0.000000
 2.460000 0.000000 0.000000
 2.461000 0.000000 0.000000
 2.462000 0.000000 0.000000
 2.463000 0.000000 0.000000
 2.464000 0.000000 0.000000
 2.465000 0.000000 0.000000
 2.466000 0.000000 0.000000
 2.467000 0.000000 0.000000
 2.468000 0.000000 0.000000
 2.469000 0.000000 0.000000
 2.470000 0.000000 0.000000
 2.471000 0.000000 0.000000
 2.472000 0.000000 0.000000
 2.473000 0.000000 0.000000
 2.474000 0.000000 0.000000
 2.475000 0.000000 0.000000
 2.476000 0.000000 0.000000
 2.477000 0.000000 0.000000
 2.478000 0.000000 0.000000
 2.479000 0.000000 0.000000
 2.480000 0.000000 0.000000
 2.481000 0.000000 0.000000
 2.482000 0.000000 0.000000
 2.483000 0.000000 0.000000
 2.484000 0.000000 0.000000
 2.485000 0.000000 0.000000
 2.486000 0.000000 0.000000
 2.487000 0.000000 0.000000
 2.488000 0.000000 0.000000
 2.489000 0.000000 0.000000
 2.490000 0.000000 0.000000
 2.491000 0.000000 0.000000
 2.492000 0.000000 0.000000
 2.493000 0.000000 0.000000
 2.494000 0.000000 0.000000
 2.495000 0.000000 0.000000
 2.496000 0.000000 0.000000
 2.497000 0.000000 0.000000
 2.498000 0.000000 0.000000
 2.499000 0.000000 0.000000
 2.500000 0.000000 0.000000
 2.501000 0.000000 0.000000
 2.502000 0.000000 0.000000
 2.503000 0.000000 0.000000
 2.504000 0.000000 0.000000
 2.505000 0.000000 0.000000
 2.506000 0.000000 0.000000
 2.507000 0.000000 0.000000
 2.508000 0.000000 0.000000
 2.509000 0.000000 0.000000
 2.510000 0.000000 0.000000
 2.511000 0.000000 0.000000
 2.512000 0.000000 0.000000
 2.513000 0.000000 0.000000
 2.514000 0.000000 0.000000
 2.515000 0.000000 0.000000
 2.516000 0.000000 0.000000
 2.517000 0.000000 0.000000
 2.518000 0.000000 0.000000
 2.519000 0.000000 0.000000
 2.520000 0.000000 0.000000
 2.521000 0.000000 0.000000
 2.522000 0.000000 0.000000
 2.523000 0.000000 0.000000
 2.524000 0.000000 0.000000
 2.525000 0.000000 0.000000
 2.526000 0.000000 0.000000
 2.527000 0.000000 0.000000
 2.528000 0.000000 0.000000
 2.529000 0.000000 0.000000
 2.530000 0.000000 0.000000
 2.531000 0.000000 0.000000
 2.532000 0.000000 0.000000
 2.533000 0.000000 0.000000
 2.534000 0.000000 0.000000
 2.535000 0.000000 0.000000
 2.536000 0.000000 0.000000
 2.537000 0.000000 0.000000
 2.538000 0.000000 0.000000
 2.539000 0.000000 0.000000
 2.540000 0.000000 0.000000
 2.541000 0.000000 0.000000
 2.542000 0.000000 0.000000
 2.543000 0.000000 0.000000
 2.544000 0.000000 0.000000
 2.545000 0.000000 0.000000
 2.546000 0.000000 0.000000
 2.547000 0.000000 0.000000
 2.548000 0.000000 0.000000
 2.549000 0.000000 0.000000
 2.550000 0.000000 0.000000
 2.551000 0.000000 0.000000
 2.552000 0.000000 0.000126
 2.553000 0.000000 0.000322
 2.554000 0.000001 0.000655
 2.555000 0.000002 0.001238
 2.556000 0.000004 0.002201
 2.557000 0.000007 0.003698
 2.558000 0.000011 0.005947
 2.559000 0.000019 0.009171
 2.560000 0.000030 0.013524
 2.561000 0.000046 0.019105
 2.562000 0.000069 0.025808
 2.563000 0.000098 0.033316
 2.564000 0.000136 0.041104
 2.565000 0.000180 0.048365
 2.566000 0.000232 0.054167
 2.567000 0.000288 0.057572
 2.568000 0.000346 0.057839
 2.569000 0.000402 0.054571
 2.570000 0.000454 0.047794
 2.571000 0.000497 0.038073
 2.572000 0.000529 0.026343
 2.573000 0.000550 0.013833
 2.574000 0.000557 0.001744
 2.575000 0.000554 -0.008830
 2.576000 0.000540 -0.017122
 2.577000 0.000520 -0.022772
 2.578000 0.000496 -0.025772
 2.579000 0.000470 -0.026412
 2.580000 0.000444 -0.025202
 2.581000 0.000420 -0.022698
 2.582000 0.000399 -0.019484
 2.583000 0.000381 -0.016045
 2.584000 0.000366 -0.012767
 2.585000 0.000355 -0.009935
 2.586000 0.000346 -0.007722
 2.587000 0.000339 -0.006166
 2.588000 0.000334 -0.005226
 2.589000 0.000329 -0.004703
 2.590000 0.000324 -0.004613
 2.591000 0.000319 -0.004738
 2.592000 0.000314 -0.004864
 2.593000 0.000309 -0.004888
 2.594000 0.000305 -0.004626
 2.595000 0.000300 -0.004091
 2.596000 0.000297 -0.003283
 2.597000 0.000294 -0.002187
 2.598000 0.000292 -0.000700
 2.599000 0.000293 0.001211
 2.600000 0.000295 0.003686
 2.601000 0.000300 0.007026
 2.602000 0.000309 0.011442
 2.603000 0.000324 0.017110
 2.604000 0.000344 0.024044
 2.605000 0.000372 0.032080
 2.606000 0.000408 0.040833
 2.607000 0.000454 0.049477
 2.608000 0.000507 0.057094
 2.609000 0.000567 0.062635
 2.610000 0.000631 0.065136
 2.611000 0.000696 0.063823
 2.612000 0.000758 0.058396
 2.613000 0.000812 0.049069
 2.614000 0.000855 0.036496
 2.615000 0.000884 0.021771
 2.616000 0.000898 0.006237
 2.617000 0.000897 -0.008761
 2.618000 0.000881 -0.022020
 2.619000 0.000853 -0.032639
 2.620000 0.000817 -0.040076
 2.621000 0.000774 -0.044198
 2.622000 0.000729 -0.045169
 2.623000 0.000685 -0.043453
 2.624000 0.000643 -0.039675
 2.625000 0.000606 -0.034404
 2.626000 0.000575 -0.028158
 2.627000 0.000550 -0.021388
 2.628000 0.000532 -0.014277
 2.629000 0.000522 -0.006939
 2.630000 0.000519 0.000623
 2.631000 0.000523 0.008616
 2.632000 0.000536 0.016838
 2.633000 0.000556 0.025157
 2.634000 0.000586 0.033399
 2.635000 0.000623 0.041071
 2.636000 0.000667 0.047363
 2.637000 0.000717 0.051626
 2.638000 0.000769 0.053293
 2.639000 0.000822 0.052038
 2.640000 0.000872 0.047853
 2.641000 0.000917 0.041102
 2.642000 0.000954 0.032526
 2.643000 0.000982 0.023160
 2.644000 0.001000 0.013939
 2.645000 0.001010 0.005725
 2.646000 0.001012 -0.000819
 2.647000 0.001009 -0.005493
 2.648000 0.001002 -0.008289
 2.649000 0.000993 -0.009495
 2.650000 0.000983 -0.009475
 2.651000 0.000974 -0.008580
 2.652000 0.000967 -0.007186
 2.653000 0.000960 -0.005525
 2.654000 0.000955 -0.003650
 2.655000 0.000953 -0.001739
 2.656000 0.000952 0.000226
 2.657000 0.000953 0.002170
 2.658000 0.000956 0.004000
 2.659000 0.000961 0.005704
 2.660000 0.000967 0.006995
 2.661000 0.000975 0.007839
 2.662000 0.000983 0.008280
 2.663000 0.000991 0.008487
 2.664000 0.001000 0.008574
 2.665000 0.001009 0.008964
 2.666000 0.001018 0.009944
 2.667000 0.001029 0.012065
 2.668000 0.001043 0.015660
 2.669000 0.001061 0.021062
 2.670000 0.001085 0.028437
 2.671000 0.001118 0.037632
 2.672000 0.001161 0.048063
 2.673000 0.001215 0.059089
 2.674000 0.001279 0.069711
 2.675000 0.001354 0.078990
 2.676000 0.001437 0.086094
 2.677000 0.001525 0.090716
 2.678000 0.001617 0.092778
 2.679000 0.001710 0.092685
 2.680000 0.001802 0.091323
 2.681000 0.001893 0.089436
 2.682000 0.001981 0.087624
 2.683000 0.002068 0.086128
 2.684000 0.002153 0.084426
 2.685000 0.002236 0.081683
 2.686000 0.002316 0.076684
 2.687000 0.002388 0.068088
 2.688000 0.002450 0.055014
 2.689000 0.002497 0.037087
 2.690000 0.002523 0.014853
 2.691000 0.002525 -0.010338
 2.692000 0.002502 -0.036449
 2.693000 0.002453 -0.061206
 2.694000 0.002381 -0.082379
 2.695000 0.002290 -0.098112
 2.696000 0.002186 -0.107273
 2.697000 0.002077 -0.109795
 2.698000 0.001969 -0.105956
 2.699000 0.001867 -0.096801
 2.700000 0.001776 -0.083750
 2.701000 0.001700 -0.068418
 2.702000 0.001639 -0.052128
 2.703000 0.001595 -0.036245
 2.704000 0.001566 -0.021762
 2.705000 0.001550 -0.009417
 2.706000 0.001546 0.000153
 2.707000 0.001549 0.006759
 2.708000 0.001558 0.010079
 2.709000 0.001568 0.010102
 2.710000 0.001576 0.007163
 2.711000 0.001580 0.001804
 2.712000 0.001578 -0.005491
 2.713000 0.001569 -0.013775
 2.714000 0.001550 -0.022116
 2.715000 0.001524 -0.029685
 2.716000 0.001491 -0.035905
 2.717000 0.001453 -0.040231
 2.718000 0.001411 -0.042484
 2.719000 0.001368 -0.042786
 2.720000 0.001326 -0.041386
 2.721000 0.001286 -0.038696
 2.722000 0.001249 -0.035086
 2.723000 0.001216 -0.031028
 2.724000 0.001187 -0.026803
 2.725000 0.001162 -0.022585
 2.726000 0.001141 -0.018371
 2.727000 0.001125 -0.014077
 2.728000 0.001113 -0.009543
 2.729000 0.001106 -0.004310
 2.730000 0.001104 0.001740
 2.731000 0.001109 0.008900
 2.732000 0.001122 0.017179
 2.733000 0.001144 0.026393
 2.734000 0.001175 0.036044
 2.735000 0.001216 0.045465
 2.736000 0.001265 0.053414
 2.737000 0.001321 0.058905
 2.738000 0.001382 0.060790
 2.739000 0.001441 0.058379
 2.740000 0.001497 0.051410
 2.741000 0.001543 0.040206
 2.742000 0.001576 0.025864
 2.743000 0.001594 0.009675
 2.744000 0.001595 -0.006637
 2.745000 0.001581 -0.021475
 2.746000 0.001553 -0.033541
 2.747000 0.001515 -0.042013
 2.748000 0.001470 -0.046660
 2.749000 0.001422 -0.047797
 2.750000 0.001375 -0.045741
 2.751000 0.001332 -0.041611
 2.752000 0.001293 -0.036119
 2.753000 0.001260 -0.029902
 2.754000 0.001233 -0.023434
 2.755000 0.001213 -0.017076
 2.756000 0.001199 -0.010739
 2.757000 0.001191 -0.004259
 2.758000 0.001190 0.002589
 2.759000 0.001196 0.010025
 2.760000 0.001210 0.017992
 2.761000 0.001232 0.026584
 2.762000 0.001263 0.035293
 2.763000 0.001302 0.043552
 2.764000 0.001349 0.050622
 2.765000 0.001403 0.055869
 2.766000 0.001460 0.058790
 2.767000 0.001519 0.059125
 2.768000 0.001577 0.056956
 2.769000 0.001633 0.052817
 2.770000 0.001683 0.047539
 2.771000 0.001727 0.041636
 2.772000 0.001766 0.035871
 2.773000 0.001799 0.030215
 2.774000 0.001826 0.024543
 2.775000 0.001848 0.018431
 2.776000 0.001863 0.011225
 2.777000 0.001870 0.002765
 2.778000 0.001868 -0.007115
 2.779000 0.001855 -0.017631
 2.780000 0.001832 -0.027960
 2.781000 0.001800 -0.036700
 2.782000 0.001760 -0.042508
 2.783000 0.001716 -0.044354
 2.784000 0.001673 -0.041596
 2.785000 0.001634 -0.034165
 2.786000 0.001606 -0.022493
 2.787000 0.001590 -0.007339
 2.788000 0.001591 0.009621
 2.789000 0.001609 0.026887
 2.790000 0.001644 0.042871
 2.791000 0.001694 0.055838
 2.792000 0.001754 0.064146
 2.793000 0.001820 0.066704
 2.794000 0.001885 0.063364
 2.795000 0.001944 0.054020
 2.796000 0.001992 0.039862
 2.797000 0.002023 0.022507
 2.798000 0.002036 0.004069
 2.799000 0.002031 -0.013961
 2.800000 0.002009 -0.029416
 2.801000 0.001973 -0.041026
 2.802000 0.001928 -0.048259
 2.803000 0.001878 -0.051069
 2.804000 0.001827 -0.049878
 2.805000 0.001779 -0.045531
 2.806000 0.001737 -0.038533
 2.807000 0.001703 -0.029861
 2.808000 0.001678 -0.020017
 2.809000 0.001663 -0.009289
 2.810000 0.001660 0.002218
 2.811000 0.001668 0.014542
 2.812000 0.001689 0.027928
 2.813000 0.001724 0.042480
 2.814000 0.001774 0.058562
 2.815000 0.001841 0.075668
 2.816000 0.001926 0.093794
 2.817000 0.002029 0.112357
 2.818000 0.002151 0.130278
 2.819000 0.002289 0.146471
 2.820000 0.002442 0.159585
 2.821000 0.002607 0.168375
 2.822000 0.002778 0.172037
 2.823000 0.002949 0.170206
 2.824000 0.003116 0.163382
 2.825000 0.003275 0.152562
 2.826000 0.003421 0.139488
 2.827000 0.003554 0.125834
 2.828000 0.003673 0.113261
 2.829000 0.003781 0.102697
 2.830000 0.003879 0.094240
 2.831000 0.003970 0.087476
 2.832000 0.004054 0.080691
 2.833000 0.004131 0.072743
 2.834000 0.004199 0.062263
 2.835000 0.004255 0.048635
 2.836000 0.004295 0.032202
 2.837000 0.004318 0.013950
 2.838000 0.004323 -0.004583
 2.839000 0.004310 -0.021383
 2.840000 0.004282 -0.034844
 2.841000 0.004242 -0.043844
 2.842000 0.004196 -0.047478
 2.843000 0.004149 -0.045438
 2.844000 0.004106 -0.038394
 2.845000 0.004073 -0.026781
 2.846000 0.004053 -0.011464
 2.847000 0.004051 0.006366
 2.848000 0.004066 0.025638
 2.849000 0.004101 0.045246
 2.850000 0.004156 0.064127
 2.851000 0.004229 0.081349
 2.852000 0.004317 0.095771
 2.853000 0.004419 0.106274
 2.854000 0.004527 0.111941
 2.855000 0.004639 0.111281
 2.856000 0.004747 0.103517
 2.857000 0.004843 0.088577
 2.858000 0.004921 0.066654
 2.859000 0.004974 0.039279
 2.860000 0.004998 0.008479
 2.861000 0.004990 -0.022965
 2.862000 0.004952 -0.052620
 2.863000 0.004887 -0.077116
 2.864000 0.004800 -0.094959
 2.865000 0.004699 -0.104774
 2.866000 0.004593 -0.106257
 2.867000 0.004489 -0.100078
 2.868000 0.004395 -0.087142
 2.869000 0.004316 -0.069152
 2.870000 0.004257 -0.047793
 2.871000 0.004220 -0.024665
 2.872000 0.004207 -0.001382
 2.873000 0.004216 0.020612
 2.874000 0.004247 0.039932
 2.875000 0.004295 0.055679
 2.876000 0.004356 0.066880
 2.877000 0.004426 0.072997
 2.878000 0.004499 0.073322
 2.879000 0.004570 0.068638
 2.880000 0.004635 0.059896
 2.881000 0.004689 0.048414
 2.882000 0.004731 0.036125
 2.883000 0.004761 0.025027
 2.884000 0.004781 0.016762
 2.885000 0.004795 0.012642
 2.886000 0.004807 0.013252
 2.887000 0.004823 0.018312
 2.888000 0.004845 0.027164
 2.889000 0.004878 0.038342
 2.890000 0.004922 0.050231
 2.891000 0.004977 0.061156
 2.892000 0.005043 0.069621
 2.893000 0.005115 0.074141
 2.894000 0.005190 0.074508
 2.895000 0.005263 0.070237
 2.896000 0.005329 0.062197
 2.897000 0.005386 0.051702
 2.898000 0.005432 0.040581
 2.899000 0.005467 0.030648
 2.900000 0.005494 0.024572
 2.901000 0.005517 0.023594
 2.902000 0.005542 0.028482
 2.903000 0.005575 0.038899
 2.904000 0.005621 0.053758
 2.905000 0.005683 0.070917
 2.906000 0.005762 0.087487
 2.907000 0.005857 0.100549
 2.908000 0.005961 0.107811
 2.909000 0.006069 0.107410
 2.910000 0.006173 0.099360
 2.911000 0.006265 0.084561
 2.912000 0.006340 0.065140
 2.913000 0.006394 0.043553
 2.914000 0.006427 0.022592
 2.915000 0.006440 0.004328
 2.916000 0.006436 -0.009677
 2.917000 0.006421 -0.019110
 2.918000 0.006399 -0.024462
 2.919000 0.006372 -0.026670
 2.920000 0.006345 -0.027029
 2.921000 0.006318 -0.026610
 2.922000 0.006292 -0.025949
 2.923000 0.006266 -0.025169
 2.924000 0.006242 -0.023372
 2.925000 0.006220 -0.019825
 2.926000 0.006203 -0.013052
 2.927000 0.006195 -0.002242
 2.928000 0.006200 0.013606
 2.929000 0.006223 0.034093
 2.930000 0.006269 0.059045
 2.931000 0.006341 0.087147
 2.932000 0.006442 0.116892
 2.933000 0.006574 0.146096
 2.934000 0.006733 0.172909
 2.935000 0.006917 0.195167
 2.936000 0.007121 0.210695
 2.937000 0.007336 0.217824
 2.938000 0.007553 0.215543
 2.939000 0.007763 0.203085
 2.940000 0.007955 0.180560
 2.941000 0.008121 0.149659
 2.942000 0.008252 0.112983
 2.943000 0.008346 0.074155
 2.944000 0.008401 0.037386
 2.945000 0.008422 0.006656
 2.946000 0.008417 -0.014505
 2.947000 0.008397 -0.023641
 2.948000 0.008374 -0.020106
 2.949000 0.008360 -0.005320
 2.950000 0.008366 0.018043
 2.951000 0.008397 0.046158
 2.952000 0.008458 0.075049
 2.953000 0.008546 0.100968
 2.954000 0.008658 0.120475
 2.955000 0.008784 0.132045
 2.956000 0.008919 0.135058
 2.957000 0.009052 0.130905
 2.958000 0.009178 0.121726
 2.959000 0.009294 0.110871
 2.960000 0.009399 0.101384
 2.961000 0.009497 0.096545
 2.962000 0.009593 0.097596
 2.963000 0.009693 0.106043
 2.964000 0.009805 0.119648
 2.965000 0.009933 0.136112
 2.966000 0.010078 0.151528
 2.967000 0.010234 0.161575
 2.968000 0.010397 0.162738
 2.969000 0.010556 0.153454
 2.970000 0.010700 0.134429
 2.971000 0.010822 0.108695
 2.972000 0.010917 0.081699
 2.973000 0.010986 0.059687
 2.974000 0.011039 0.048001
 2.975000 0.011086 0.050581
 2.976000 0.011144 0.067886
 2.977000 0.011224 0.096459
 2.978000 0.011337 0.130464
 2.979000 0.011484 0.162509
 2.980000 0.011658 0.184774
 2.981000 0.011846 0.190895
 2.982000 0.012032 0.177220
 2.983000 0.012194 0.144755
 2.984000 0.012315 0.096917
 2.985000 0.012383 0.039935
 2.986000 0.012393 -0.019983
 2.987000 0.012344 -0.075741
 2.988000 0.012243 -0.123124
 2.989000 0.012100 -0.159040
 2.990000 0.011927 -0.182766
 2.991000 0.011736 -0.195793
 2.992000 0.011537 -0.199275
 2.993000 0.011338 -0.195139
 2.994000 0.011148 -0.184381
 2.995000 0.010971 -0.167548
 2.996000 0.010814 -0.144997
 2.997000 0.010682 -0.116878
 2.998000 0.010582 -0.083375
 2.999000 0.010517 -0.045100
 3.000000 0.010492 -0.002324
 3.001000 0.010512 0.043419
 3.002000 0.010579 0.091973
 3.003000 0.010694 0.141777
 3.004000 0.010860 0.191056
 3.005000 0.011074 0.238891
 3.006000 0.011335 0.283721
 3.007000 0.011639 0.323601
 3.008000 0.011980 0.356756
 3.009000 0.012349 0.381005
 3.010000 0.012737 0.395058
 3.011000 0.013134 0.398165
 3.012000 0.013529 0.390383
 3.013000 0.013911 0.372704
 3.014000 0.014271 0.346696
 3.015000 0.014601 0.314250
 3.016000 0.014897 0.277898
 3.017000 0.015156 0.240354
 3.018000 0.015378 0.203750
 3.019000 0.015565 0.170259
 3.020000 0.015720 0.141455
 3.021000 0.015849 0.117691
 3.022000 0.015956 0.099046
 3.023000 0.016048 0.084880
 3.024000 0.016127 0.074872
 3.025000 0.016198 0.067541
 3.026000 0.016262 0.062481
 3.027000 0.016323 0.059803
 3.028000 0.016382 0.059533
 3.029000 0.016441 0.060867
 3.030000 0.016502 0.063465
 3.031000 0.016567 0.067118
 3.032000 0.016635 0.070742
 3.033000 0.016706 0.072935
 3.034000 0.016778 0.072503
 3.035000 0.016848 0.069091
 3.036000 0.016913 0.061657
 3.037000 0.016968 0.049365
 3.038000 0.017009 0.033719
 3.039000 0.017033 0.014468
 3.040000 0.017036 -0.007057
 3.041000 0.017017 -0.028723
 3.042000 0.016978 -0.048186
 3.043000 0.016921 -0.061969
 3.044000 0.016855 -0.066975
 3.045000 0.016789 -0.060237
 3.046000 0.016737 -0.040154
 3.047000 0.016712 -0.005664
 3.048000 0.016728 0.041735
 3.049000 0.016797 0.098509
 3.050000 0.016926 0.159462
 3.051000 0.017114 0.218398
 3.052000 0.017357 0.267958
 3.053000 0.017643 0.302455
 3.054000 0.017954 0.318499
 3.055000 0.018272 0.314363
 3.056000 0.018575 0.292620
 3.057000 0.018850 0.256936
 3.058000 0.019085 0.213796
 3.059000 0.019276 0.169402
 3.060000 0.019423 0.130091
 3.061000 0.019536 0.099474
 3.062000 0.019624 0.079369
 3.063000 0.019697 0.069962
 3.064000 0.019765 0.069626
 3.065000 0.019836 0.074808
 3.066000 0.019914 0.081484
 3.067000 0.019998 0.086312
 3.068000 0.020084 0.086031
 3.069000 0.020166 0.079397
 3.070000 0.020239 0.065769
 3.071000 0.020296 0.047627
 3.072000 0.020334 0.028843
 3.073000 0.020354 0.013309
 3.074000 0.020361 0.005091
 3.075000 0.020366 0.009169
 3.076000 0.020381 0.025834
 3.077000 0.020420 0.056279
 3.078000 0.020496 0.099129
 3.079000 0.020620 0.150673
 3.080000 0.020799 0.207863
 3.081000 0.021036 0.267329
 3.082000 0.021332 0.325549
 3.083000 0.021685 0.381129
 3.084000 0.022091 0.431975
 3.085000 0.022546 0.476844
 3.086000 0.023042 0.515411
 3.087000 0.023573 0.547208
 3.088000 0.024133 0.571933
 3.089000 0.024714 0.589534
 3.090000 0.025309 0.601811
 3.091000 0.025914 0.609272
 3.092000 0.026524 0.611906
 3.093000 0.027135 0.609874
 3.094000 0.027740 0.601535
 3.095000 0.028333 0.584322
 3.096000 0.028904 0.555907
 3.097000 0.029440 0.515105
 3.098000 0.029929 0.461847
 3.099000 0.030359 0.398189
 3.100000 0.030721 0.327813
 3.101000 0.031012 0.255747
 3.102000 0.031232 0.186164
 3.103000 0.031384 0.122110
 3.104000 0.031476 0.065420
 3.105000 0.031515 0.015966
 3.106000 0.031509 -0.027141
 3.107000 0.031462 -0.065350
 3.108000 0.031378 -0.098547
 3.109000 0.031262 -0.127838
 3.110000 0.031120 -0.152740
 3.111000 0.030955 -0.172556
 3.112000 0.030775 -0.185320
 3.113000 0.030585 -0.190685
 3.114000 0.030394 -0.187429
 3.115000 0.030210 -0.175412
 3.116000 0.030043 -0.154525
 3.117000 0.029901 -0.123437
 3.118000 0.029794 -0.082763
 3.119000 0.029734 -0.033148
 3.120000 0.029727 0.025165
 3.121000 0.029783 0.089317
 3.122000 0.029905 0.157209
 3.123000 0.030095 0.225858
 3.124000 0.030353 0.292755
 3.125000 0.030675 0.354660
 3.126000 0.031058 0.410517
 3.127000 0.031492 0.460086
 3.128000 0.031973 0.503156
 3.129000 0.032494 0.540351
 3.130000 0.033050 0.572462
 3.131000 0.033636 0.600201
 3.132000 0.034247 0.624490
 3.133000 0.034882 0.646117
 3.134000 0.035537 0.665328
 3.135000 0.036210 0.683404
 3.136000 0.036901 0.700305
 3.137000 0.037609 0.717169
 3.138000 0.038334 0.733705
 3.139000 0.039075 0.749213
 3.140000 0.039831 0.762798
 3.141000 0.040598 0.771988
 3.142000 0.041371 0.773695
 3.143000 0.042140 0.764572
 3.144000 0.042894 0.742350
 3.145000 0.043618 0.705745
 3.146000 0.044299 0.655991
 3.147000 0.044925 0.595685
 3.148000 0.045488 0.529948
 3.149000 0.045984 0.464574
 3.150000 0.046416 0.404585
 3.151000 0.046794 0.354896
 3.152000 0.047126 0.316962
 3.153000 0.047428 0.290333
 3.154000 0.047708 0.274151
 3.155000 0.047976 0.264934
 3.156000 0.048237 0.259683
 3.157000 0.048492 0.255966
 3.158000 0.048743 0.250444
 3.159000 0.048989 0.243357
 3.160000 0.049226 0.234519
 3.161000 0.049453 0.223855
 3.162000 0.049670 0.211285
 3.163000 0.049871 0.197140
 3.164000 0.050058 0.179903
 3.165000 0.050227 0.161244
 3.166000 0.050376 0.142761
 3.167000 0.050508 0.125937
 3.168000 0.050624 0.114099
 3.169000 0.050733 0.110600
 3.170000 0.050845 0.119015
 3.171000 0.050972 0.140854
 3.172000 0.051128 0.177576
 3.173000 0.051328 0.228250
 3.174000 0.051583 0.289734
 3.175000 0.051904 0.358222
 3.176000 0.052295 0.427804
 3.177000 0.052753 0.492979
 3.178000 0.053271 0.546868
 3.179000 0.053835 0.585022
 3.180000 0.054428 0.603114
 3.181000 0.055029 0.601026
 3.182000 0.055619 0.578388
 3.183000 0.056176 0.538167
 3.184000 0.056684 0.481902
 3.185000 0.057130 0.413364
 3.186000 0.057503 0.335504
 3.187000 0.057795 0.251716
 3.188000 0.058001 0.167070
 3.189000 0.058125 0.087117
 3.190000 0.058176 0.020900
 3.191000 0.058171 -0.022510
 3.192000 0.058137 -0.034418
 3.193000 0.058109 -0.009589
 3.194000 0.058125 0.053984
 3.195000 0.058225 0.153361
 3.196000 0.058437 0.279401
 3.197000 0.058784 0.418126
 3.198000 0.059269 0.553697
 3.199000 0.059880 0.670742
 3.200000 0.060593 0.756589
 3.201000 0.061373 0.802877
 3.202000 0.062179 0.809084
 3.203000 0.062973 0.780382
 3.204000 0.063725 0.724783
 3.205000 0.064413 0.654698
 3.206000 0.065028 0.581648
 3.207000 0.065573 0.515622
 3.208000 0.066057 0.462040
 3.209000 0.066495 0.422500
 3.210000 0.066900 0.396466
 3.211000 0.067286 0.379638
 3.212000 0.067657 0.369230
 3.213000 0.068020 0.361301
 3.214000 0.068376 0.353943
 3.215000 0.068725 0.349063
 3.216000 0.069072 0.349126
 3.217000 0.069423 0.357512
 3.218000 0.069788 0.379199
 3.219000 0.070181 0.415945
 3.220000 0.070619 0.469519
 3.221000 0.071118 0.536201
 3.222000 0.071688 0.612757
 3.223000 0.072337 0.691983
 3.224000 0.073063 0.765913
 3.225000 0.073857 0.827291
 3.226000 0.074704 0.869074
 3.227000 0.075580 0.886598
 3.228000 0.076460 0.875216
 3.229000 0.077313 0.833599
 3.230000 0.078110 0.762221
 3.231000 0.078823 0.664500
 3.232000 0.079426 0.545760
 3.233000 0.079902 0.411738
 3.234000 0.080240 0.271114
 3.235000 0.080437 0.133020
 3.236000 0.080503 0.007485
 3.237000 0.080453 -0.095868
 3.238000 0.080314 -0.169627
 3.239000 0.080119 -0.207926
 3.240000 0.079904 -0.207701
 3.241000 0.079708 -0.170532
 3.242000 0.079568 -0.100092
 3.243000 0.079511 -0.002941
 3.244000 0.079560 0.110759
 3.245000 0.079726 0.231386
 3.246000 0.080013 0.347993
 3.247000 0.080410 0.452529
 3.248000 0.080903 0.538272
 3.249000 0.081471 0.601660
 3.250000 0.082090 0.641935
 3.251000 0.082739 0.661208
 3.252000 0.083398 0.663935
 3.253000 0.084053 0.653363
 3.254000 0.084692 0.634128
 3.255000 0.085311 0.610111
 3.256000 0.085905 0.585256
 3.257000 0.086474 0.562704
 3.258000 0.087023 0.543916
 3.259000 0.087557 0.532236
 3.260000 0.088084 0.530516
 3.261000 0.088616 0.542151
 3.262000 0.089167 0.568956
 3.263000 0.089754 0.612517
 3.264000 0.090393 0.672940
 3.265000 0.091098 0.745852
 3.266000 0.091880 0.827171
 3.267000 0.092745 0.910200
 3.268000 0.093691 0.989196
 3.269000 0.094711 1.057564
 3.270000 0.095791 1.109219
 3.271000 0.096914 1.141151
 3.272000 0.098057 1.149064
 3.273000 0.099195 1.130829
 3.274000 0.100302 1.084895
 3.275000 0.101348 1.010441
 3.276000 0.102304 0.907631
 3.277000 0.103145 0.777418
 3.278000 0.103844 0.625220
 3.279000 0.104381 0.458567
 3.280000 0.104750 0.288976
 3.281000 0.104955 0.131015
 3.282000 0.105014 0.001908
 3.283000 0.104966 -0.082973
 3.284000 0.104859 -0.113419
 3.285000 0.104751 -0.085430
 3.286000 0.104699 -0.003064
 3.287000 0.104754 0.124383
 3.288000 0.104950 0.282049
 3.289000 0.105312 0.452928
 3.290000 0.105847 0.622923
 3.291000 0.106545 0.781298
 3.292000 0.107395 0.923225
 3.293000 0.108377 1.048940
 3.294000 0.109478 1.159258
 3.295000 0.110682 1.255214
 3.296000 0.111974 1.337899
 3.297000 0.113342 1.404683
 3.298000 0.114766 1.451883
 3.299000 0.116226 1.473917
 3.300000 0.117694 1.468383
 3.301000 0.119142 1.433278
 3.302000 0.120542 1.372604
 3.303000 0.121873 1.294768
 3.304000 0.123122 1.210148
 3.305000 0.124289 1.131384
 3.306000 0.125384 1.068839
 3.307000 0.126429 1.030885
 3.308000 0.127448 1.022261
 3.309000 0.128473 1.042206
 3.310000 0.129530 1.087517
 3.311000 0.130644 1.152508
 3.312000 0.131828 1.228791
 3.313000 0.133091 1.306043
 3.314000 0.134427 1.372942
 3.315000 0.135819 1.416254
 3.316000 0.137237 1.423172
 3.317000 0.138640 1.383203
 3.318000 0.139977 1.289094
 3.319000 0.141192 1.140713
 3.320000 0.142232 0.946016
 3.321000 0.143061 0.719391
 3.322000 0.143659 0.486316
 3.323000 0.144030 0.272864
 3.324000 0.144209 0.109706
 3.325000 0.144263 0.022160
 3.326000 0.144273 0.027549
 3.327000 0.144339 0.133640
 3.328000 0.144560 0.333262
 3.329000 0.145020 0.609243
 3.330000 0.145782 0.932269
 3.331000 0.146875 1.266580
 3.332000 0.148293 1.574313
 3.333000 0.149991 1.820154
 3.334000 0.151893 1.980235
 3.335000 0.153904 2.036925
 3.336000 0.155920 1.990845
 3.337000 0.157843 1.854993
 3.338000 0.159593 1.652708
 3.339000 0.161121 1.414917
 3.340000 0.162408 1.177086
 3.341000 0.163469 0.967526
 3.342000 0.164346 0.811753
 3.343000 0.165100 0.722136
 3.344000 0.165800 0.703046
 3.345000 0.166513 0.744538
 3.346000 0.167292 0.832036
 3.347000 0.168175 0.946948
 3.348000 0.169180 1.072695
 3.349000 0.170309 1.193009
 3.350000 0.171552 1.299985
 3.351000 0.172890 1.388446
 3.352000 0.174309 1.457548
 3.353000 0.175787 1.510896
 3.354000 0.177309 1.548928
 3.355000 0.178863 1.573494
 3.356000 0.180434 1.583877
 3.357000 0.182008 1.577010
 3.358000 0.183564 1.550717
 3.359000 0.185081 1.501167
 3.360000 0.186538 1.425097
 3.361000 0.187907 1.324073
 3.362000 0.189162 1.200410
 3.363000 0.190286 1.057590
 3.364000 0.191258 0.902296
 3.365000 0.192073 0.743473
 3.366000 0.192731 0.591410
 3.367000 0.193245 0.456490
 3.368000 0.193637 0.350926
 3.369000 0.193940 0.282049
 3.370000 0.194194 0.252101
 3.371000 0.194437 0.263508
 3.372000 0.194712 0.309655
 3.373000 0.195047 0.383120
 3.374000 0.195464 0.473525
 3.375000 0.195976 0.567714
 3.376000 0.196576 0.651675
 3.377000 0.197248 0.713441
 3.378000 0.197968 0.740427
 3.379000 0.198694 0.727138
 3.380000 0.199388 0.673722
 3.381000 0.200008 0.583593
 3.382000 0.200523 0.465577
 3.383000 0.200916 0.336107
 3.384000 0.201179 0.213544
 3.385000 0.201328 0.115882
 3.386000 0.201399 0.057286
 3.387000 0.201439 0.051243
 3.388000 0.201503 0.103638
 3.389000 0.201650 0.217800
 3.390000 0.201938 0.389017
 3.391000 0.202425 0.609204
 3.392000 0.203155 0.872248
 3.393000 0.204161 1.165856
 3.394000 0.205472 1.477380
 3.395000 0.207098 1.793061
 3.396000 0.209038 2.098485
 3.397000 0.211270 2.380179
 3.398000 0.213766 2.624757
 3.399000 0.216484 2.819855
 3.400000 0.219368 2.961131
 3.401000 0.222364 3.041412
 3.402000 0.225412 3.064039
 3.403000 0.228453 3.030760
 3.404000 0.231435 2.947303
 3.405000 0.234313 2.821179
 3.406000 0.237045 2.657632
 3.407000 0.239600 2.464798
 3.408000 0.241951 2.249582
 3.409000 0.244080 2.023389
 3.410000 0.245982 1.795986
 3.411000 0.247661 1.580288
 3.412000 0.249136 1.389930
 3.413000 0.250437 1.234306
 3.414000 0.251604 1.122468
 3.415000 0.252685 1.064932
 3.416000 0.253739 1.063578
 3.417000 0.254818 1.124191
 3.418000 0.255987 1.243761
 3.419000 0.257305 1.420615
 3.420000 0.258823 1.648430
 3.421000 0.260589 1.910872
 3.422000 0.262629 2.191485
 3.423000 0.264948 2.464998
 3.424000 0.267525 2.703879
 3.425000 0.270308 2.874316
 3.426000 0.273219 2.955107
 3.427000 0.276158 2.928659
 3.428000 0.279015 2.794243
 3.429000 0.281686 2.561621
 3.430000 0.284085 2.252580
 3.431000 0.286150 1.900363
 3.432000 0.287857 1.541240
 3.433000 0.289215 1.207587
 3.434000 0.290265 0.926539
 3.435000 0.291068 0.718874
 3.436000 0.291704 0.589913
 3.437000 0.292249 0.539740
 3.438000 0.292779 0.557847
 3.439000 0.293353 0.627737
 3.440000 0.294019 0.731418
 3.441000 0.294797 0.851861
 3.442000 0.295698 0.974659
 3.443000 0.296718 1.085766
 3.444000 0.297837 1.177776
 3.445000 0.299036 1.243922
 3.446000 0.300286 1.283654
 3.447000 0.301563 1.297078
 3.448000 0.302839 1.286361
 3.449000 0.304094 1.259542
 3.450000 0.305317 1.219001
 3.451000 0.306498 1.175873
 3.452000 0.307638 1.138581
 3.453000 0.308744 1.112248
 3.454000 0.309832 1.101477
 3.455000 0.310919 1.106624
 3.456000 0.312019 1.126994
 3.457000 0.313143 1.152541
 3.458000 0.314292 1.174356
 3.459000 0.315458 1.184200
 3.460000 0.316623 1.173448
 3.461000 0.317764 1.140762
 3.462000 0.318864 1.084821
 3.463000 0.319899 1.018881
 3.464000 0.320870 0.956233
 3.465000 0.321789 0.915896
 3.466000 0.322683 0.911855
 3.467000 0.323595 0.955078
 3.468000 0.324578 1.050734
 3.469000 0.325683 1.198083
 3.470000 0.326955 1.385706
 3.471000 0.328428 1.597053
 3.472000 0.330118 1.815609
 3.473000 0.332022 2.022791
 3.474000 0.334122 2.202734
 3.475000 0.336381 2.345042
 3.476000 0.338763 2.439661
 3.477000 0.341215 2.487240
 3.478000 0.343690 2.486086
 3.479000 0.346139 2.439398
 3.480000 0.348522 2.353277
 3.481000 0.350802 2.233770
 3.482000 0.352949 2.093432
 3.483000 0.354952 1.945147
 3.484000 0.356809 1.805854
 3.485000 0.358540 1.690373
 3.486000 0.360172 1.616298
 3.487000 0.361758 1.594420
 3.488000 0.363350 1.632603
 3.489000 0.365009 1.728862
 3.490000 0.366792 1.873578
 3.491000 0.368738 2.054439
 3.492000 0.370875 2.250730
 3.493000 0.373206 2.442378
 3.494000 0.375718 2.607071
 3.495000 0.378375 2.730261
 3.496000 0.381131 2.803342
 3.497000 0.383933 2.825252
 3.498000 0.386732 2.799838
 3.499000 0.389487 2.739151
 3.500000 0.392173 2.663093
 3.501000 0.394786 2.595937
 3.502000 0.397343 2.561509
 3.503000 0.399890 2.577278
 3.504000 0.402483 2.657310
 3.505000 0.405192 2.807257
 3.506000 0.408083 3.020176
 3.507000 0.411213 3.278330
 3.508000 0.414613 3.552653
 3.509000 0.418281 3.812870
 3.510000 0.422191 4.028241
 3.511000 0.426280 4.168775
 3.512000 0.430465 4.219555
 3.513000 0.434653 4.174153
 3.514000 0.438749 4.038370
 3.515000 0.442670 3.829350
 3.516000 0.446355 3.571384
 3.517000 0.449771 3.297541
 3.518000 0.452918 3.036804
 3.519000 0.455825 2.820167
 3.520000 0.458547 2.670905
 3.521000 0.461156 2.599782
 3.522000 0.463734 2.608182
 3.523000 0.466358 2.686301
 3.524000 0.469088 2.817955
 3.525000 0.471968 2.978253
 3.526000 0.475015 3.149305
 3.527000 0.478229 3.312480
 3.528000 0.481600 3.460808
 3.529000 0.485106 3.588290
 3.530000 0.488728 3.696910
 3.531000 0.492452 3.787939
 3.532000 0.496260 3.861826
 3.533000 0.500133 3.921197
 3.534000 0.504054 3.960845
 3.535000 0.508003 3.977247
 3.536000 0.511960 3.974011
 3.537000 0.515906 3.958956
 3.538000 0.519833 3.939223
 3.539000 0.523743 3.929291
 3.540000 0.527655 3.942914
 3.541000 0.531601 3.990077
 3.542000 0.535613 4.079433
 3.543000 0.539734 4.207860
 3.544000 0.544000 4.369343
 3.545000 0.548434 4.547754
 3.546000 0.553049 4.723631
 3.547000 0.557830 4.881480
 3.548000 0.562754 5.001751
 3.549000 0.567775 5.075416
 3.550000 0.572841 5.095526
 3.551000 0.577899 5.060348
 3.552000 0.582898 4.974405
 3.553000 0.587786 4.841967
 3.554000 0.592523 4.674137
 3.555000 0.597076 4.474710
 3.556000 0.601418 4.257163
 3.557000 0.605533 4.027166
 3.558000 0.609419 3.791588
 3.559000 0.613071 3.564673
 3.560000 0.616503 3.354797
 3.561000 0.619736 3.172524
 3.562000 0.622803 3.022922
 3.563000 0.625741 2.915740
 3.564000 0.628593 2.849813
 3.565000 0.631399 2.828053
 3.566000 0.634202 2.838961
 3.567000 0.637028 2.872475
 3.568000 0.639890 2.913380
 3.569000 0.642787 2.939483
 3.570000 0.645694 2.932083
 3.571000 0.648571 2.875573
 3.572000 0.651364 2.759269
 3.573000 0.654010 2.586262
 3.574000 0.656457 2.368890
 3.575000 0.658673 2.126460
 3.576000 0.660647 1.888706
 3.577000 0.662401 1.691872
 3.578000 0.663987 1.566443
 3.579000 0.665495 1.535813
 3.580000 0.667030 1.615444
 3.581000 0.668700 1.808220
 3.582000 0.670616 2.101696
 3.583000 0.672863 2.472052
 3.584000 0.675510 2.891383
 3.585000 0.678585 3.326419
 3.586000 0.682090 3.746192
 3.587000 0.685997 4.122295
 3.588000 0.690252 4.439564
 3.589000 0.694787 4.687966
 3.590000 0.699537 4.865318
 3.591000 0.704434 4.984584
 3.592000 0.709426 5.057099
 3.593000 0.714474 5.105287
 3.594000 0.719567 5.145725
 3.595000 0.724702 5.196169
 3.596000 0.729893 5.263967
 3.597000 0.735166 5.353155
 3.598000 0.740538 5.460902
 3.599000 0.746023 5.574160
 3.600000 0.751620 5.682492
 3.601000 0.757314 5.765780
 3.602000 0.763071 5.809112
 3.603000 0.768846 5.795085
 3.604000 0.774573 5.709258
 3.605000 0.780171 5.539518
 3.606000 0.785556 5.279358
 3.607000 0.790636 4.934720
 3.608000 0.795337 4.521151
 3.609000 0.799599 4.066249
 3.610000 0.803400 3.607675
 3.611000 0.806759 3.193988
 3.612000 0.809746 2.873270
 3.613000 0.812480 2.689796
 3.614000 0.815107 2.668407
 3.615000 0.817801 2.818560
 3.616000 0.820730 3.135448
 3.617000 0.824047 3.590418
 3.618000 0.827869 4.136132
 3.619000 0.832259 4.725346
 3.620000 0.837237 5.298230
 3.621000 0.842762 5.812844
 3.622000 0.848753 6.224859
 3.623000 0.855091 6.509785
 3.624000 0.861649 6.657504
 3.625000 0.868286 6.676116
 3.626000 0.874887 6.589244
 3.627000 0.881363 6.430577
 3.628000 0.887656 6.240199
 3.629000 0.893759 6.055739
 3.630000 0.899696 5.912169
 3.631000 0.905520 5.833279
 3.632000 0.911302 5.826999
 3.633000 0.917115 5.883855
 3.634000 0.923010 5.990632
 3.635000 0.929023 6.118131
 3.636000 0.935164 6.233769
 3.637000 0.941401 6.309588
 3.638000 0.947682 6.317661
 3.639000 0.953933 6.246230
 3.640000 0.960067 6.088704
 3.641000 0.966001 5.854413
 3.642000 0.971670 5.561789
 3.643000 0.977032 5.241918
 3.644000 0.982073 4.935478
 3.645000 0.986831 4.687577
 3.646000 0.991386 4.534425
 3.647000 0.995851 4.503948
 3.648000 1.000350 4.607481
 3.649000 1.005020 4.834542
 3.650000 1.009960 5.158234
 3.651000 1.015256 5.526053
 3.652000 1.020924 5.892241
 3.653000 1.026942 6.219446
 3.654000 1.033250 6.475971
 3.655000 1.039777 6.650612
 3.656000 1.046437 6.754505
 3.657000 1.053172 6.806400
 3.658000 1.059947 6.842796
 3.659000 1.066763 6.886519
 3.660000 1.073636 6.957765
 3.661000 1.080596 7.065858
 3.662000 1.087678 7.201391
 3.663000 1.094906 7.356970
 3.664000 1.102286 7.511274
 3.665000 1.109816 7.644772
 3.666000 1.117463 7.743729
 3.667000 1.125191 7.796684
 3.668000 1.132944 7.795276
 3.669000 1.140664 7.734952
 3.670000 1.148297 7.618443
 3.671000 1.155784 7.449913
 3.672000 1.163080 7.235010
 3.673000 1.170138 6.987054
 3.674000 1.176935 6.718324
 3.675000 1.183462 6.440711
 3.676000 1.189711 6.172333
 3.677000 1.195701 5.917551
 3.678000 1.201447 5.690246
 3.679000 1.206977 5.491174
 3.680000 1.212323 5.320795
 3.681000 1.217517 5.180590
 3.682000 1.222581 5.068227
 3.683000 1.227541 4.978061
 3.684000 1.232419 4.908231
 3.685000 1.237236 4.846463
 3.686000 1.241989 4.787518
 3.687000 1.246681 4.721716
 3.688000 1.251303 4.637768
 3.689000 1.255830 4.527297
 3.690000 1.260224 4.384005
 3.691000 1.264454 4.200613
 3.692000 1.268482 3.985463
 3.693000 1.272283 3.743517
 3.694000 1.275843 3.501393
 3.695000 1.279171 3.294478
 3.696000 1.282319 3.153604
 3.697000 1.285375 3.115012
 3.698000 1.288458 3.210017
 3.699000 1.291712 3.451670
 3.700000 1.295282 3.844402
 3.701000 1.299313 4.362551
 3.702000 1.303907 4.968089
 3.703000 1.309128 5.602718
 3.704000 1.314972 6.206378
 3.705000 1.321381 6.724455
 3.706000 1.328253 7.123616
 3.707000 1.335461 7.400816
 3.708000 1.342887 7.573967
 3.709000 1.350454 7.687755
 3.710000 1.358130 7.799752
 3.711000 1.365944 7.967914
 3.712000 1.373969 8.235421
 3.713000 1.382319 8.612952
 3.714000 1.391095 9.085113
 3.715000 1.400374 9.609268
 3.716000 1.410181 10.123125
 3.717000 1.420469 10.563545
 3.718000 1.431137 10.879517
 3.719000 1.442042 11.034324
 3.720000 1.453024 11.022606
 3.721000 1.463914 10.866627
 3.722000 1.474592 10.602239
 3.723000 1.484969 10.273912
 3.724000 1.495011 9.933315
 3.725000 1.504714 9.610557
 3.726000 1.514109 9.326734
 3.727000 1.523239 9.079784
 3.728000 1.532140 8.862154
 3.729000 1.540828 8.663264
 3.730000 1.549320 8.462165
 3.731000 1.557607 8.251168
 3.732000 1.565680 8.036928
 3.733000 1.573539 7.821395
 3.734000 1.581189 7.623223
 3.735000 1.588650 7.448814
 3.736000 1.595944 7.297618
 3.737000 1.603097 7.162694
 3.738000 1.610113 7.022222
 3.739000 1.616978 6.851651
 3.740000 1.623639 6.622305
 3.741000 1.630039 6.319693
 3.742000 1.636099 5.946104
 3.743000 1.641759 5.527275
 3.744000 1.646995 5.107537
 3.745000 1.651837 4.748741
 3.746000 1.656378 4.521580
 3.747000 1.660778 4.481654
 3.748000 1.665252 4.674309
 3.749000 1.670044 5.114171
 3.750000 1.675391 5.784839
 3.751000 1.681506 6.636648
 3.752000 1.688532 7.597259
 3.753000 1.696533 8.575693
 3.754000 1.705489 9.480486
 3.755000 1.715276 10.227187
 3.756000 1.725703 10.747810
 3.757000 1.736519 11.010374
 3.758000 1.747464 11.009083
 3.759000 1.758290 10.783003
 3.760000 1.768808 10.397523
 3.761000 1.778888 9.945258
 3.762000 1.788520 9.509376
 3.763000 1.797764 9.179686
 3.764000 1.806756 9.011520
 3.765000 1.815671 9.024632
 3.766000 1.824685 9.204524
 3.767000 1.833945 9.501306
 3.768000 1.843533 9.840254
 3.769000 1.853450 10.153316
 3.770000 1.863637 10.369168
 3.771000 1.873976 10.452958
 3.772000 1.884317 10.385575
 3.773000 1.894526 10.184480
 3.774000 1.904480 9.894221
 3.775000 1.914118 9.564217
 3.776000 1.923426 9.247386
 3.777000 1.932441 8.977618
 3.778000 1.941215 8.780130
 3.779000 1.949826 8.645661
 3.780000 1.958323 8.550933
 3.781000 1.966731 8.462598
 3.782000 1.975042 8.343964
 3.783000 1.983205 8.165279
 3.784000 1.991155 7.912993
 3.785000 1.998817 7.597504
 3.786000 2.006139 7.243958
 3.787000 2.013103 6.889602
 3.788000 2.019730 6.577034
 3.789000 2.026086 6.352454
 3.790000 2.032270 6.237673
 3.791000 2.038397 6.247161
 3.792000 2.044583 6.360880
 3.793000 2.050918 6.540420
 3.794000 2.057449 6.740061
 3.795000 2.064173 6.915638
 3.796000 2.071044 7.029590
 3.797000 2.077989 7.069327
 3.798000 2.084935 7.033846
 3.799000 2.091819 6.945608
 3.800000 2.098595 6.833777
 3.801000 2.105261 6.724243
 3.802000 2.111824 6.631336
 3.803000 2.118305 6.560004
 3.804000 2.124718 6.497419
 3.805000 2.131066 6.424645
 3.806000 2.137328 6.332462
 3.807000 2.143488 6.211414
 3.808000 2.149513 6.077573
 3.809000 2.155410 5.946217
 3.810000 2.161195 5.858346
 3.811000 2.166926 5.845341
 3.812000 2.172689 5.928746
 3.813000 2.178588 6.120343
 3.814000 2.184727 6.409839
 3.815000 2.191193 6.766684
 3.816000 2.198025 7.152120
 3.817000 2.205240 7.524118
 3.818000 2.212800 7.836540
 3.819000 2.220630 8.055961
 3.820000 2.228622 8.146676
 3.821000 2.236633 8.088546
 3.822000 2.244513 7.879556
 3.823000 2.252108 7.514786
 3.824000 2.259258 7.003643
 3.825000 2.265832 6.369831
 3.826000 2.271729 5.664488
 3.827000 2.276908 4.941011
 3.828000 2.281388 4.291115
 3.829000 2.285293 3.801807
 3.830000 2.288833 3.565987
 3.831000 2.292295 3.656894
 3.832000 2.296021 4.110288
 3.833000 2.300385 4.916693
 3.834000 2.305713 6.022333
 3.835000 2.312254 7.318246
 3.836000 2.320126 8.676401
 3.837000 2.329331 9.952184
 3.838000 2.339716 11.024239
 3.839000 2.351026 11.793923
 3.840000 2.362937 12.226590
 3.841000 2.375116 12.329263
 3.842000 2.387253 12.155018
 3.843000 2.399109 11.787312
 3.844000 2.410533 11.317097
 3.845000 2.421471 10.821594
 3.846000 2.431934 10.373769
 3.847000 2.441981 10.001988
 3.848000 2.451708 9.721758
 3.849000 2.461197 9.517731
 3.850000 2.470509 9.370126
 3.851000 2.479689 9.245309
 3.852000 2.488741 9.107972
 3.853000 2.497648 8.936133
 3.854000 2.506363 8.731288
 3.855000 2.514855 8.492871
 3.856000 2.523095 8.250212
 3.857000 2.531104 8.030948
 3.858000 2.538917 7.867160
 3.859000 2.546600 7.792852
 3.860000 2.554255 7.819859
 3.861000 2.561987 7.928284
 3.862000 2.569850 8.086961
 3.863000 2.577876 8.247584
 3.864000 2.586040 8.344223
 3.865000 2.594248 8.328887
 3.866000 2.602371 8.167595
 3.867000 2.610244 7.850547
 3.868000 2.617732 7.394821
 3.869000 2.624717 6.842540
 3.870000 2.631121 6.252875
 3.871000 2.636938 5.685856
 3.872000 2.642217 5.181030
 3.873000 2.647039 4.779402
 3.874000 2.651514 4.496975
 3.875000 2.655766 4.335311
 3.876000 2.659906 4.273679
 3.877000 2.664023 4.290164
 3.878000 2.668184 4.350334
 3.879000 2.672408 4.408056
 3.880000 2.676675 4.421295
 3.881000 2.680922 4.351849
 3.882000 2.685037 4.161126
 3.883000 2.688886 3.833303
 3.884000 2.692340 3.358470
 3.885000 2.695246 2.758437
 3.886000 2.697505 2.071262
 3.887000 2.699058 1.358015
 3.888000 2.699912 0.694317
 3.889000 2.700161 0.148751
 3.890000 2.699960 -0.194829
 3.891000 2.699542 -0.278886
 3.892000 2.699184 -0.071663
 3.893000 2.699183 0.440269
 3.894000 2.699833 1.233662
 3.895000 2.701392 2.237026
 3.896000 2.704033 3.372973
 3.897000 2.707830 4.547021
 3.898000 2.712779 5.658493
 3.899000 2.718777 6.620282
 3.900000 2.725637 7.386178
 3.901000 2.733152 7.927454
 3.902000 2.741095 8.251899
 3.903000 2.749262 8.388866
 3.904000 2.757494 8.375554
 3.905000 2.765656 8.261631
 3.906000 2.773661 8.081198
 3.907000 2.781470 7.861882
 3.908000 2.789045 7.624867
 3.909000 2.796371 7.365266
 3.910000 2.803432 7.087949
 3.911000 2.810200 6.779688
 3.912000 2.816640 6.422699
 3.913000 2.822690 5.990005
 3.914000 2.828262 5.459346
 3.915000 2.833237 4.801816
 3.916000 2.837485 3.991259
 3.917000 2.840834 3.017867
 3.918000 2.843131 1.896636
 3.919000 2.844241 0.648834
 3.920000 2.844066 -0.654077
 3.921000 2.842586 -1.937073
 3.922000 2.839874 -3.121022
 3.923000 2.836067 -4.111135
 3.924000 2.831391 -4.847100
 3.925000 2.826117 -5.300888
 3.926000 2.820532 -5.467814
 3.927000 2.814906 -5.376121
 3.928000 2.809476 -5.075775
 3.929000 2.804436 -4.623696
 3.930000 2.799897 -4.071681
 3.931000 2.795937 -3.459449
 3.932000 2.792610 -2.829116
 3.933000 2.789903 -2.214472
 3.934000 2.787789 -1.654080
 3.935000 2.786181 -1.190370
 3.936000 2.784974 -0.874860
 3.937000 2.783989 -0.750738
 3.938000 2.783007 -0.856284
 3.939000 2.781806 -1.199928
 3.940000 2.780147 -1.761719
 3.941000 2.777839 -2.485911
 3.942000 2.774759 -3.298838
 3.943000 2.770869 -4.108497
 3.944000 2.766210 -4.813257
 3.945000 2.760924 -5.350253
 3.946000 2.755213 -5.670327
 3.947000 2.749296 -5.750394
 3.948000 2.743401 -5.615981
 3.949000 2.737736 -5.301680
 3.950000 2.732459 -4.859276
 3.951000 2.727661 -4.348195
 3.952000 2.723389 -3.829791
 3.953000 2.719606 -3.367197
 3.954000 2.716240 -3.022900
 3.955000 2.713126 -2.850556
 3.956000 2.710080 -2.908952
 3.957000 2.706843 -3.219575
 3.958000 2.703160 -3.799253
 3.959000 2.698770 -4.624732
 3.960000 2.693452 -5.631389
 3.961000 2.687071 -6.738811
 3.962000 2.679580 -7.845660
 3.963000 2.671023 -8.852208
 3.964000 2.661541 -9.690380
 3.965000 2.651327 -10.319591
 3.966000 2.640584 -10.735246
 3.967000 2.629521 -10.987065
 3.968000 2.618265 -11.127571
 3.969000 2.606891 -11.217286
 3.970000 2.595432 -11.319359
 3.971000 2.583848 -11.461309
 3.972000 2.572100 -11.653619
 3.973000 2.560137 -11.876370
 3.974000 2.547945 -12.114960
 3.975000 2.535522 -12.352793
 3.976000 2.522865 -12.565675
 3.977000 2.510004 -12.760548
 3.978000 2.496953 -12.931315
 3.979000 2.483744 -13.081893
 3.980000 2.470392 -13.205894
 3.981000 2.456937 -13.287616
 3.982000 2.443433 -13.307924
 3.983000 2.429950 -13.240265
 3.984000 2.416580 -13.073949
 3.985000 2.403436 -12.814964
 3.986000 2.390587 -12.486107
 3.987000 2.378076 -12.133800
 3.988000 2.365899 -11.835523
 3.989000 2.353957 -11.667938
 3.990000 2.342088 -11.715849
 3.991000 2.330038 -12.029336
 3.992000 2.317525 -12.651938
 3.993000 2.304239 -13.576315
 3.994000 2.289892 -14.751858
 3.995000 2.274276 -16.100452
 3.996000 2.257277 -17.506776
 3.997000 2.238896 -18.839991
 3.998000 2.219267 -19.992411
 3.999000 2.198614 -20.872555
 4.000000 2.177239 -21.437659
 4.001000 2.155461 -21.690159
 4.002000 2.133572 -21.668910
 4.003000 2.111811 -21.443296
 4.004000 2.090347 -21.091824
 4.005000 2.069259 -20.691377
 4.006000 2.048579 -20.284602
 4.007000 2.028297 -19.894699
 4.008000 2.008405 -19.514812
 4.009000 1.988898 -19.121427
 4.010000 1.969799 -18.686726
 4.011000 1.951143 -18.215146
 4.012000 1.932968 -17.739912
 4.013000 1.915245 -17.323006
 4.014000 1.897880 -17.050790
 4.015000 1.880679 -17.010444
 4.016000 1.863367 -17.276309
 4.017000 1.845623 -17.886088
 4.018000 1.827102 -18.818832
 4.019000 1.807517 -20.010334
 4.020000 1.786663 -21.356223
 4.021000 1.764436 -22.740864
 4.022000 1.740847 -24.047982
 4.023000 1.716026 -25.195313
 4.024000 1.690168 -26.121952
 4.025000 1.663504 -26.799416
 4.026000 1.636286 -27.233352
 4.027000 1.608751 -27.438772
 4.028000 1.581109 -27.442968
 4.029000 1.553549 -27.289399
 4.030000 1.526203 -27.027488
 4.031000 1.499161 -26.702740
 4.032000 1.472450 -26.375734
 4.033000 1.446051 -26.098907
 4.034000 1.419872 -25.924081
 4.035000 1.393798 -25.898719
 4.036000 1.367658 -26.051651
 4.037000 1.341264 -26.391313
 4.038000 1.314445 -26.903679
 4.039000 1.287050 -27.551800
 4.040000 1.258968 -28.275364
 4.041000 1.230152 -29.006336
 4.042000 1.200632 -29.683607
 4.043000 1.170487 -30.236939
 4.044000 1.139871 -30.628601
 4.045000 1.108948 -30.839797
 4.046000 1.077907 -30.879602
 4.047000 1.046905 -30.773870
 4.048000 1.016069 -30.572122
 4.049000 0.985463 -30.322495
 4.050000 0.955111 -30.077483
 4.051000 0.924981 -29.881183
 4.052000 0.895003 -29.770349
 4.053000 0.865089 -29.761880
 4.054000 0.835136 -29.858430
 4.055000 0.805045 -30.041712
 4.056000 0.774739 -30.280648
 4.057000 0.744181 -30.533295
 4.058000 0.713378 -30.760976
 4.059000 0.682385 -30.920118
 4.060000 0.651288 -30.971407
 4.061000 0.620201 -30.893764
 4.062000 0.589257 -30.690667
 4.063000 0.558579 -30.381365
 4.064000 0.528259 -29.993177
 4.065000 0.498354 -29.561336
 4.066000 0.468887 -29.120001
 4.067000 0.439861 -28.700096
 4.068000 0.411239 -28.308193
 4.069000 0.382999 -27.952522
 4.070000 0.355102 -27.615821
 4.071000 0.327545 -27.283770
 4.072000 0.300331 -26.921680
 4.073000 0.273513 -26.500732
 4.074000 0.247171 -25.978404
 4.075000 0.221422 -25.307610
 4.076000 0.196432 -24.454148
 4.077000 0.172400 -23.389974
 4.078000 0.149547 -22.106418
 4.079000 0.128096 -20.613205
 4.080000 0.108240 -18.931380
 4.081000 0.090144 -17.103145
 4.082000 0.073930 -15.189420
 4.083000 0.059651 -13.247098
 4.084000 0.047305 -11.336515
 4.085000 0.036832 -9.512266
 4.086000 0.028127 -7.819545
 4.087000 0.021037 -6.288094
 4.088000 0.015393 -4.941738
 4.089000 0.011005 -3.791340
 4.090000 0.007672 -2.831511
 4.091000 0.005209 -2.056026
 4.092000 0.003437 -1.447464
 4.093000 0.002202 -0.987330
 4.094000 0.001365 -0.649628
 4.095000 0.000820 -0.414037
 4.096000 0.000475 -0.253266
 4.097000 0.000264 -0.148586
 4.098000 0.000140 -0.082805
 4.099000 0.000072 -0.044482
 4.100000 0.000034 -0.021753
 4.101000 0.000013 -0.008721
 4.102000 0.000004 -0.002504
 4.103000 0.000001 -0.000501
 4.104000 0.000000 -0.000085
 4.105000 0.000000 0.000000
 4.106000 0.000000 0.000000
 4.107000 0.000000 0.000000
 4.108000 0.000000 0.000000
 4.109000 0.000000 0.000000
 4.110000 0.000000 0.000000
 4.111000 0.000000 0.000000
 4.112000 0.000000 0.000000
 4.113000 0.000000 0.000000
 4.114000 0.000000 0.000000
 4.115000 0.000000 0.000000
 4.116000 0.000000 0.000000
 4.117000 0.000000 0.000000
 4.118000 0.000000 0.000000
 4.119000 0.000000 0.000000
 4.120000 0.000000 0.000000
 4.121000 0.000000 0.000000
 4.122000 0.000000 0.000000
 4.123000 0.000000 0.000000
 4.124000 0.000000 0.000000
 4.125000 0.000000 0.000000
 4.126000 0.000000 0.000000
 4.127000 0.000000 0.000000
 4.128000 0.000000 0.000000
 4.129000 0.000000 0.000000
 4.130000 0.000000 0.000000
 4.131000 0.000000 0.000000
 4.132000 0.000000 0.000000
 4.133000 0.000000 0.000000
 4.134000 0.000000 0.000000
 4.135000 0.000000 0.000000
 4.136000 0.000000 0.000000
 4.137000 0.000000 0.000000
 4.138000 0.000000 0.000000
 4.139000 0.000000 0.000000
 4.140000 0.000000 0.000000
 4.141000 0.000000 0.000000
 4.142000 0.000000 0.000000
 4.143000 0.000000 0.000000
 4.144000 0.000000 0.000000
 4.145000 0.000000 0.000000
 4.146000 0.000000 0.000000
 4.147000 0.000000 0.000000
 4.148000 0.000000 0.000000
 4.149000 0.000000 0.000000
 4.150000 0.000000 0.000000
 4.151000 0.000000 0.000000
 4.152000 0.000000 0.000000
 4.153000 0.000000 0.000000
 4.154000 0.000000 0.000000
 4.155000 0.000000 0.000000
 4.156000 0.000000 0.000000
 4.157000 0.000000 0.000000
 4.158000 0.000000 0.000000
 4.159000 0.000000 0.000000
 4.160000 0.000000 0.000000
 4.161000 0.000000 0.000000
 4.162000 0.000000 0.000000
 4.163000 0.000000 0.000000
 4.164000 0.000000 0.000000
 4.165000 0.000000 0.000000
 4.166000 0.000000 0.000000
 4.167000 0.000000 0.000000
 4.168000 0.000000 0.000000
 4.169000 0.000000 0.000000
 4.170000 0.000000 0.000000
 4.171000 0.000000 0.000000
 4.172000 0.000000 0.000000
 4.173000 0.000000 0.000000
 4.174000 0.000000 0.000000
 4.175000 0.000000 0.000000
 4.176000 0.000000 0.000000
 4.177000 0.000000 0.000000
 4.178000 0.000000 0.000000
 4.179000 0.000000 0.000000
 4.180000 0.000000 0.000000
 4.181000 0.000000 0.000000
 4.182000 0.000000 0.000000
 4.183000 0.000000 0.000000
 4.184000 0.000000 0.000000
 4.185000 0.000000 0.000000
 4.186000 0.000000 0.000000
 4.187000 0.000000 0.000000
 4.188000 0.000000 0.000000
 4.189000 0.000000 0.000000
 4.190000 0.000000 0.000000
 4.191000 0.000000 0.000000
 4.192000 0.000000 0.000000
 4.193000 0.000000 0.000000
 4.194000 0.000000 0.000000
 4.195000 0.000000 0.000000
 4.196000 0.000000 0.000000
 4.197000 0.000000 0.000000
 4.198000 0.000000 0.000000
 4.199000 0.000000 0.000000
 4.200000 0.000000 0.000000
 4.201000 0.000000 0.000000
 4.202000 0.000000 0.000000
 4.203000 0.000000 0.000000
 4.204000 0.000000 0.000000
 4.205000 0.000000 0.000000
 4.206000 0.000000 0.000000
 4.207000 0.000000 0.000000
 4.208000 0.000000 0.000000
 4.209000 0.000000 0.000000
 4.210000 0.000000 0.000000
 4.211000 0.000000 0.000000
 4.212000 0.000000 0.000000
 4.213000 0.000000 0.000000
 4.214000 0.000000 0.000000
 4.215000 0.000000 0.000000
 4.216000 0.000000 0.000000
 4.217000 0.000000 0.000000
 4.218000 0.000000 0.000000
 4.219000 0.000000 0.000000
 4.220000 0.000000 0.000000
 4.221000 0.000000 0.000000
 4.222000 0.000000 0.000000
 4.223000 0.000000 0.000000
 4.224000 0.000000 0.000000
 4.225000 0.000000 0.000000
 4.226000 0.000000 0.000000
 4.227000 0.000000 0.000000
 4.228000 0.000000 0.000000
 4.229000 0.000000 0.000000
 4.230000 0.000000 0.000000
 4.231000 0.000000 0.000000
 4.232000 0.000000 0.000000
 4.233000 0.000000 0.000000
 4.234000 0.000000 0.000000
 4.235000 0.000000 0.000000
 4.236000 0.000000 0.000000
 4.237000 0.000000 0.000000
 4.238000 0.000000 0.000000
 4.239000 0.000000 0.000000
 4.240000 0.000000 0.000000
 4.241000 0.000000 0.000000
 4.242000 0.000000 0.000000
 4.243000 0.000000 0.000000
 4.244000 0.000000 0.000000
 4.245000 0.000000 0.000000
 4.246000 0.000000 0.000000
 4.247000 0.000000 0.000000
 4.248000 0.000000 0.000000
 4.249000 0.000000 0.000000
 4.250000 0.000000 0.000000
 4.251000 0.000000 0.000000
 4.252000 0.000000 0.000000
 4.253000 0.000000 0.000000
 4.254000 0.000000 0.000000
 4.255000 0.000000 0.000000
 4.256000 0.000000 0.000000
 4.257000 0.000000 0.000000
 4.258000 0.000000 0.000000
 4.259000 0.000000 0.000000
 4.260000 0.000000 0.000000
 4.261000 0.000000 0.000000
 4.262000 0.000000 0.000000
 4.263000 0.000000 0.000000
 4.264000 0.000000 0.000000
 4.265000 0.000000 0.000000
 4.266000 0.000000 0.000000
 4.267000 0.000000 0.000000
 4.268000 0.000000 0.000000
 4.269000 0.000000 0.000000
 4.270000 0.000000 0.000000
 4.271000 0.000000 0.000000
 4.272000 0.000000 0.000000
 4.273000 0.000000 0.000000
 4.274000 0.000000 0.000000
 4.275000 0.000000 0.000000
 4.276000 0.000000 0.000000
 4.277000 0.000000 0.000000
 4.278000 0.000000 0.000000
 4.279000 0.000000 0.000000
 4.280000 0.000000 0.000000
 4.281000 0.000000 0.000000
 4.282000 0.000000 0.000000
 4.283000 0.000000 0.000000
 4.284000 0.000000 0.000000
 4.285000 0.000000 0.000000
 4.286000 0.000000 0.000000
 4.287000 0.000000 0.000000
 4.288000 0.000000 0.000000
 4.289000 0.000000 0.000000
 4.290000 0.000000 0.000000
 4.291000 0.000000 0.000000
 4.292000 0.000000 0.000000
 4.293000 0.000000 0.000000
 4.294000 0.000000 0.000000
 4.295000 0.000000 0.000000
 4.296000 0.000000 0.000000
 4.297000 0.000000 0.000000
 4.298000 0.000000 0.000000
 4.299000 0.000000 0.000000
 4.300000 0.000000 0.000000
 4.301000 0.000000 0.000000
 4.302000 0.000000 0.000000
 4.303000 0.000000 0.000000
 4.304000 0.000000 0.000000
 4.305000 0.000000 0.000000
 4.306000 0.000000 0.000000
 4.307000 0.000000 0.000000
 4.308000 0.000000 0.000000
 4.309000 0.000000 0.000000
 4.310000 0.000000 0.000000
 4.311000 0.000000 0.000000
 4.312000 0.000000 0.000000
 4.313000 0.000000 0.000000
 4.314000 0.000000 0.000000
 4.315000 0.000000 0.000000
 4.316000 0.000000 0.000000
 4.317000 0.000000 0.000000
 4.318000 0.000000 0.000000
 4.319000 0.000000 0.000000
 4.320000 0.000000 0.000000
 4.321000 0.000000 0.000000
 4.322000 0.000000 0.000000
 4.323000 0.000000 0.000000
 4.324000 0.000000 0.000000
 4.325000 0.000000 0.000000
 4.326000 0.000000 0.000000
 4.327000 0.000000 0.000000
 4.328000 0.000000 0.000000
 4.329000 0.000000 0.000000
 4.330000 0.000000 0.000000
 4.331000 0.000000 0.000000
 4.332000 0.000000 0.000000
 4.333000 0.000000 0.000000
 4.334000 0.000000 0.000000
 4.335000 0.000000 0.000000
 4.336000 0.000000 0.000000
 4.337000 0.000000 0.000000
 4.338000 0.000000 0.000000
 4.339000 0.000000 0.000000
 4.340000 0.000000 0.000000
 4.341000 0.000000 0.000000
 4.342000 0.000000 0.000000
 4.343000 0.000000 0.000000
 4.344000 0.000000 0.000000
 4.345000 0.000000 0.000000
 4.346000 0.000000 0.000000
 4.347000 0.000000 0.000000
 4.348000 0.000000 0.000000
 4.349000 0.000000 0.000000
 4.350000 0.000000 0.000000
 4.351000 0.000000 0.000000
 4.352000 0.000000 0.000000
 4.353000 0.000000 0.000000
 4.354000 0.000000 0.000000
 4.355000 0.000000 0.000000
 4.356000 0.000000 0.000000
 4.357000 0.000000 0.000000
 4.358000 0.000000 0.000000
 4.359000 0.000000 0.000000
 4.360000 0.000000 0.000000
 4.361000 0.000000 0.000000
 4.362000 0.000000 0.000000
 4.363000 0.000000 0.000000
 4.364000 0.000000 0.000000
 4.365000 0.000000 0.000000
 4.366000 0.000000 0.000000
 4.367000 0.000000 0.000000
 4.368000 0.000000 0.000000
 4.369000 0.000000 0.000000
 4.370000 0.000000 0.000000
 4.371000 0.000000 0.000000
 4.372000 0.000000 0.000000
 4.373000 0.000000 0.000000
 4.374000 0.000000 0.000000
 4.375000 0.000000 0.000000
 4.376000 0.000000 0.000000
 4.377000 0.000000 0.000000
 4.378000 0.000000 0.000000
 4.379000 0.000000 0.000000
 4.380000 0.000000 0.000000
 4.381000 0.000000 0.000000
 4.382000 0.000000 0.000000
 4.383000 0.000000 0.000000
 4.384000 0.000000 0.000000
 4.385000 0.000000 0.000000
 4.386000 0.000000 0.000000
 4.387000 0.000000 0.000000
 4.388000 0.000000 0.000000
 4.389000 0.000000 0.000000
 4.390000 0.000000 0.000000
 4.391000 0.000000 0.000000
 4.392000 0.000000 0.000000
 4.393000 0.000000 0.000000
 4.394000 0.000000 0.000000
 4.395000 0.000000 0.000000
 4.396000 0.000000 0.000000
 4.397000 0.000000 0.000000
 4.398000 0.000000 0.000000
 4.399000 0.000000 0.000000
 4.400000 0.000000 0.000000
 4.401000 0.000000 0.000000
 4.402000 0.000000 0.000000
 4.403000 0.000000 0.000000
 4.404000 0.000000 0.000000
 4.405000 0.000000 0.000000
 4.406000 0.000000 0.000000
 4.407000 0.000000 0.000000
 4.408000 0.000000 0.000000
 4.409000 0.000000 0.000000
 4.410000 0.000000 0.000000
 4.411000 0.000000 0.000000
 4.412000 0.000000 0.000000
 4.413000 0.000000 0.000000
 4.414000 0.000000 0.000000
 4.415000 0.000000 0.000000
 4.416000 0.000000 0.000000
 4.417000 0.000000 0.000000
 4.418000 0.000000 0.000000
 4.419000 0.000000 0.000000
 4.420000 0.000000 0.000000
 4.421000 0.000000 0.000000
 4.422000 0.000000 0.000000
 4.423000 0.000000 0.000000
 4.424000 0.000000 0.000000
 4.425000 0.000000 0.000000
 4.426000 0.000000 0.000000
 4.427000 0.000000 0.000000
 4.428000 0.000000 0.000000
 4.429000 0.000000 0.000000
 4.430000 0.000000 0.000000
 4.431000 0.000000 0.000000
 4.432000 0.000000 0.000000
 4.433000 0.000000 0.000000
 4.434000 0.000000 0.000000
 4.435000 0.000000 0.000000
 4.436000 0.000000 0.000000
 4.437000 0.000000 0.000000
 4.438000 0.000000 0.000000
 4.439000 0.000000 0.000000
 4.440000 0.000000 0.000000
 4.441000 0.000000 0.000000
 4.442000 0.000000 0.000000
 4.443000 0.000000 0.000000
 4.444000 0.000000 0.000000
 4.445000 0.000000 0.000000
 4.446000 0.000000 0.000000
 4.447000 0.000000 0.000000
 4.448000 0.000000 0.000000
 4.449000 0.000000 0.000000
 4.450000 0.000000 0.000000
 4.451000 0.000000 0.000000
 4.452000 0.000000 0.000000
 4.453000 0.000000 0.000000
 4.454000 0.000000 0.000000
 4.455000 0.000000 0.000000
 4.456000 0.000000 0.000000
 4.457000 0.000000 0.000000
 4.458000 0.000000 0.000000
 4.459000 0.000000 0.000000
 4.460000 0.000000 0.000000
 4.461000 0.000000 0.000000
 4.462000 0.000000 0.000000
 4.463000 0.000000 0.000000
 4.464000 0.000000 0.000000
 4.465000 0.000000 0.000000
 4.466000 0.000000 0.000000
 4.467000 0.000000 0.000000
 4.468000 0.000000 0.000000
 4.469000 0.000000 0.000000
 4.470000 0.000000 0.000000
 4.471000 0.000000 0.000000
 4.472000 0.000000 0.000000
 4.473000 0.000000 0.000000
 4.474000 0.000000 0.000000
 4.475000 0.000000 0.000000
 4.476000 0.000000 0.000000
 4.477000 0.000000 0.000000
 4.478000 0.000000 0.000000
 4.479000 0.000000 0.000000
 4.480000 0.000000 0.000000
 4.481000 0.000000 0.000000
 4.482000 0.000000 0.000000
 4.483000 0.000000 0.000000
 4.484000 0.000000 0.000000
 4.485000 0.000000 0.000000
 4.486000 0.000000 0.000000
 4.487000 0.000000 0.000000
 4.488000 0.000000 0.000000
 4.489000 0.000000 0.000000
 4.490000 0.000000 0.000000
 4.491000 0.000000 0.000000
 4.492000 0.000000 0.000000
 4.493000 0.000000 0.000000
 4.494000 0.000000 0.000000
 4.495000 0.000000 0.000000
 4.496000 0.000000 0.000000
 4.497000 0.000000 0.000000
 4.498000 0.000000 0.000000
 4.499000 0.000000 0.000000
 4.500000 0.000000 0.000000
