#! FIELDS nm.mean external.bias der_nm.mean
#! SET min_nm.mean 0.0
#! SET max_nm.mean 1.0
#! SET nbins_nm.mean  2001
#! SET periodic_nm.mean false
    0.000000000   -0.184307341  -94.004853235
    0.000500000   -0.179311280   21.970126877
    0.001000000   -0.185383921   -0.916127363
    0.001500000   -0.181017188  -12.118394145
    0.002000000   -0.176668214   -3.464888942
    0.002500000   -0.177868453    7.446769336
    0.003000000   -0.182773151   10.666979086
    0.003500000   -0.187252452    6.337767400
    0.004000000   -0.188652293   -0.760703661
    0.004500000   -0.186812235   -6.024160456
    0.005000000   -0.183319244   -7.227309751
    0.005500000   -0.180229211   -4.615554821
    0.006000000   -0.179048767    0.056014751
    0.006500000   -0.180272794    4.671265847
    0.007000000   -0.183434501    7.604619005
    0.007500000   -0.187469314    8.119989029
    0.008000000   -0.191173223    6.369148428
    0.008500000   -0.193589654    3.134478357
    0.009000000   -0.194236915   -0.527244305
    0.009500000   -0.193159491   -3.616704859
    0.010000000   -0.190835888   -5.425940741
    0.010500000   -0.188000311   -5.648176113
    0.011000000   -0.185438971   -4.373321450
    0.011500000   -0.183811041   -2.000056528
    0.012000000   -0.183526353    0.896742125
    0.012500000   -0.184692805    3.706660002
    0.013000000   -0.187129996    5.904252080
    0.013500000   -0.190434253    7.132091855
    0.014000000   -0.194074250    7.239863088
    0.014500000   -0.197495542    6.281919452
    0.015000000   -0.200215192    4.481903875
    0.015500000   -0.201892912    2.176264252
    0.016000000   -0.202371301   -0.250848201
    0.016500000   -0.201683746   -2.430150857
    0.017000000   -0.200033512   -4.058741380
    0.017500000   -0.197751024   -4.935227243
    0.018000000   -0.195238168   -4.976374937
    0.018500000   -0.192908805   -4.215995488
    0.019000000   -0.191133705   -2.788925761
    0.019500000   -0.190196367   -0.904322936
    0.020000000   -0.190263865    1.186928739
    0.020500000   -0.191374467    3.225995887
    0.021000000   -0.193441576    4.976976793
    0.021500000   -0.196271714    6.251772318
    0.022000000   -0.199593006    6.926975560
    0.022500000   -0.203089914    6.951966274
    0.023000000   -0.206439859    6.348444864
    0.023500000   -0.209347670    5.202493076
    0.024000000   -0.211574552    3.650854159
    0.024500000   -0.212959155    1.863468275
    0.025000000   -0.213429432    0.024391547
    0.025500000   -0.213004965   -1.686896634
    0.026000000   -0.211790412   -3.112086216
    0.026500000   -0.209961464   -4.127224546
    0.027000000   -0.207745238   -4.651662576
    0.027500000   -0.205397351   -4.652398266
    0.028000000   -0.203177955   -4.143899224
    0.028500000   -0.201328908   -3.183863580
    0.029000000   -0.200053929   -1.865667258
    0.029500000   -0.199503161   -0.308436221
    0.030000000   -0.199763080    1.354227398
    0.030500000   -0.200852167    2.985839298
    0.031000000   -0.202722246    4.458004209
    0.031500000   -0.205264996    5.659967389
    0.032000000   -0.208322745    6.506138936
    0.032500000   -0.211702432    6.941196585
    0.033000000   -0.215191481    6.942590615
    0.033500000   -0.218574269    6.520480994
    0.034000000   -0.221647975    5.715318475
    0.034500000   -0.224236688    4.593428414
    0.035000000   -0.226202918    3.241062407
    0.035500000   -0.227455845    1.757446127
    0.036000000   -0.227955965    0.247372681
    0.036500000   -0.227716028   -1.186127159
    0.037000000   -0.226798430   -2.448557642
    0.037500000   -0.225309446   -3.459770890
    0.038000000   -0.223390861   -4.158512893
    0.038500000   -0.221209690   -4.505501745
    0.039000000   -0.218946748   -4.484945827
    0.039500000   -0.216784846   -4.104513919
    0.040000000   -0.214897378   -3.393863123
    0.040500000   -0.213437954   -2.401909524
    0.041000000   -0.212531675   -1.193087425
    0.041500000   -0.212268464    0.157115969
    0.042000000   -0.212698751    1.567042762
    0.042500000   -0.213831634    2.953854649
    0.043000000   -0.215635506    4.238338849
    0.043500000   -0.218040982    5.349268916
    0.044000000   -0.220945844    6.227103104
    0.044500000   -0.224221646    6.826854941
    0.045000000   -0.227721505    7.120027410
    0.045500000   -0.231288636    7.095560266
    0.046000000   -0.234765091    6.759796253
    0.046500000   -0.238000265    6.135523559
    0.047000000   -0.240858704    5.260196461
    0.047500000   -0.243226844    4.183472066
    0.048000000   -0.245018390    2.964227252
    0.048500000   -0.246178100    1.667235855
    0.049000000   -0.246683873    0.359691846
    0.049500000   -0.246547085   -0.892239671
    0.050000000   -0.245811256   -2.026674428
    0.050500000   -0.244549163   -2.988914690
    0.051000000   -0.242858617   -3.733885232
    0.051500000   -0.240857157   -4.228006071
    0.052000000   -0.238675967   -4.450440734
    0.052500000   -0.236453322   -4.393691834
    0.053000000   -0.234327911   -4.063547864
    0.053500000   -0.232432335   -3.478414873
    0.054000000   -0.230887082   -2.668093026
    0.054500000   -0.229795234   -1.672079931
    0.055000000   -0.229238126   -0.537499372
    0.055500000   -0.229272109    0.683234533
    0.056000000   -0.229926518    1.934902028
    0.056500000   -0.231202903    3.161995170
    0.057000000   -0.233075500    4.311156732
    0.057500000   -0.235492877    5.333438442
    0.058000000   -0.238380655    6.186289561
    0.058500000   -0.241645125    6.835202787
    0.059000000   -0.245177609    7.254962694
    0.059500000   -0.248859319    7.430461250
    0.060000000   -0.252566529    7.357064742
    0.060500000   -0.256175807    7.040535630
    0.061000000   -0.259569102    6.496530876
    0.061500000   -0.262638492    5.749714394
    0.062000000   -0.265290388    4.832534986
    0.062500000   -0.267449064    3.783732009
    0.063000000   -0.269059389    2.646638866
    0.063500000   -0.270088667    1.467359094
    0.064000000   -0.270527556    0.292891299
    0.064500000   -0.270390049   -0.830722313
    0.065000000   -0.269712555   -1.860153374
    0.065500000   -0.268552127   -2.756387107
    0.066000000   -0.266983957   -3.486109543
    0.066500000   -0.265098226   -4.022837790
    0.067000000   -0.262996466   -4.347760497
    0.067500000   -0.260787582   -4.450267831
    0.068000000   -0.258583680   -4.328162626
    0.068500000   -0.256495880   -3.987556376
    0.069000000   -0.254630245   -3.442465062
    0.069500000   -0.253083991   -2.714130000
    0.070000000   -0.251942094   -1.830097690
    0.070500000   -0.251274409   -0.823099872
    0.071000000   -0.251133395    0.270219676
    0.071500000   -0.251552492    1.410681523
    0.072000000   -0.252545217    2.557998517
    0.072500000   -0.254104963    3.672203884
    0.073000000   -0.256205508    4.715030161
    0.073500000   -0.258802192    5.651193237
    0.074000000   -0.261833703    6.449540791
    0.074500000   -0.265224391    7.084030582
    0.075000000   -0.268887030    7.534511094
    0.075500000   -0.272725913    7.787284659
    0.076000000   -0.276640173    7.835441204
    0.076500000   -0.280527210    7.678958733
    0.077000000   -0.284286112    7.324574476
    0.077500000   -0.287820960    6.785437981
    0.078000000   -0.291043899    6.080564048
    0.078500000   -0.293877903    5.234109235
    0.079000000   -0.296259131    4.274500465
    0.079500000   -0.298138817    3.233447922
    0.080000000   -0.299484653    2.144876990
    0.080500000   -0.300281612    1.043815297
    0.081000000   -0.300532227   -0.034728930
    0.081500000   -0.300256297   -1.056861969
    0.082000000   -0.299490075   -1.990839955
    0.082500000   -0.298284947   -2.808014264
    0.083000000   -0.296705674   -3.483660469
    0.083500000   -0.294828255   -3.997668838
    0.084000000   -0.292737469   -4.335079288
    0.084500000   -0.290524214   -4.486448934
    0.085000000   -0.288282681   -4.448045789
    0.085500000   -0.286107495   -4.221867543
    0.086000000   -0.284090876   -3.815489590
    0.086500000   -0.282319926   -3.241751334
    0.087000000   -0.280874102   -2.518294293
    0.087500000   -0.279822962   -1.666969379
    0.088000000   -0.279224232   -0.713134021
    0.088500000   -0.279122245    0.315137720
    0.089000000   -0.279546792    1.387907057
    0.089500000   -0.280512416    2.474258464
    0.090000000   -0.282018144    3.543197533
    0.090500000   -0.284047670    4.564533036
    0.091000000   -0.286569972    5.509718703
    0.091500000   -0.289540326    6.352632143
    0.092000000   -0.292901704    7.070270693
    0.092500000   -0.296586480    7.643346923
    0.093000000   -0.300518416    8.056769782
    0.093500000   -0.304614858    8.300000902
    0.094000000   -0.308789065    8.367279317
    0.094500000   -0.312952636    8.257711594
    0.095000000   -0.317017931    7.975228120
    0.095500000   -0.320900450    7.528409859
    0.096000000   -0.324521086    6.930193254
    0.096500000   -0.327808206    6.197463963
    0.097000000   -0.330699504    5.350552799
    0.097500000   -0.333143581    4.412649440
    0.098000000   -0.335101212    3.409151228
    0.098500000   -0.336546280    2.366965583
    0.099000000   -0.337466345    1.313785298
    0.099500000   -0.337862861    0.277356132
    0.100000000   -0.337751014   -0.715244152
    0.100500000   -0.337159219   -1.638297020
    0.101000000   -0.336128275   -2.468087558
    0.101500000   -0.334710214   -3.183486605
    0.102000000   -0.332966879   -3.766457155
    0.102500000   -0.330968270   -4.202473836
    0.103000000   -0.328790702   -4.480846725
    0.103500000   -0.326514826   -4.594943397
    0.104000000   -0.324223571   -4.542305776
    0.104500000   -0.322000044   -4.324661072
    0.105000000   -0.319925463   -3.947828707
    0.105500000   -0.318077147   -3.421527657
    0.106000000   -0.316526642   -2.759090965
    0.106500000   -0.315337998   -1.977096273
    0.107000000   -0.314566255   -1.094923064
    0.107500000   -0.314256168   -0.134248803
    0.108000000   -0.314441193    0.881502645
    0.108500000   -0.315142756    1.927746110
    0.109000000   -0.316369830    2.979339074
    0.109500000   -0.318118801    4.011189686
    0.110000000   -0.320373649    4.998854351
    0.110500000   -0.323106411    5.919110916
    0.111000000   -0.326277935    6.750494432
    0.111500000   -0.329838875    7.473783621
    0.112000000   -0.333730927    8.072427583
    0.112500000   -0.337888256    8.532903947
    0.113000000   -0.342239082    8.845001407
    0.113500000   -0.346707391    9.002021522
    0.114000000   -0.351214726    9.000896605
    0.114500000   -0.355682009    8.842222530
    0.115000000   -0.360031372    8.530207243
    0.115500000   -0.364187923    8.072537667
    0.116000000   -0.368081443    7.480169461
    0.116500000   -0.371647952    6.767045774
    0.117000000   -0.374831115    5.949752545
    0.117500000   -0.377583471    5.047119205
    0.118000000   -0.379867441    4.079774633
    0.118500000   -0.381656114    3.069669039
    0.119000000   -0.382933777    2.039572922
    0.119500000   -0.383696203    1.012564600
    0.120000000   -0.383950672    0.011517748
    0.120500000   -0.383715749   -0.941399809
    0.121000000   -0.383020800   -1.825205284
    0.121500000   -0.381905298   -2.620548042
    0.122000000   -0.380417895   -3.310115477
    0.122500000   -0.378615314   -3.878989552
    0.123000000   -0.376561074   -4.314947136
    0.123500000   -0.374324085   -4.608698603
    0.124000000   -0.371977125   -4.754060602
    0.124500000   -0.369595269   -4.748060350
    0.125000000   -0.367254264   -4.590970348
    0.125500000   -0.365028917   -4.286273874
    0.126000000   -0.362991509   -3.840563076
    0.126500000   -0.361210283   -3.263372867
    0.127000000   -0.359748021   -2.566955081
    0.127500000   -0.358660762   -1.765998555
    0.128000000   -0.357996656   -0.877301759
    0.128500000   -0.357795001    0.080594487
    0.129000000   -0.358085475    1.087806035
    0.129500000   -0.358887562    2.123527465
    0.130000000   -0.360210206    3.166468175
    0.130500000   -0.362051675    4.195293361
    0.131000000   -0.364399651    5.189060850
    0.131500000   -0.367231532    6.127644943
    0.132000000   -0.370514939    6.992138890
    0.132500000   -0.374208426    7.765228182
    0.133000000   -0.378262357    8.431527562
    0.133500000   -0.382619948    8.977875522
    0.134000000   -0.387218444    9.393581007
    0.134500000   -0.391990402    9.670618083
    0.135000000   -0.396865064    9.803765436
    0.135500000   -0.401769780    9.790688720
    0.136000000   -0.406631462    9.631964914
    0.136500000   -0.411378031    9.331049026
    0.137000000   -0.415939838    8.894184569
    0.137500000   -0.420251025    8.330260366
    0.138000000   -0.424250800    7.650617161
    0.138500000   -0.427884604    6.868808515
    0.139000000   -0.431105153    6.000321208
    0.139500000   -0.433873323    5.062261099
    0.140000000   -0.436158877    4.073010958
    0.140500000   -0.437941015    3.051867195
    0.141000000   -0.439208734    2.018662740
    0.141500000   -0.439961000    0.993383427
    0.142000000   -0.440206734   -0.004214716
    0.142500000   -0.439964596   -0.954980027
    0.143000000   -0.439262598   -1.840724641
    0.143500000   -0.438137532   -2.644562201
    0.144000000   -0.436634243   -3.351217784
    0.144500000   -0.434804754   -3.947304564
    0.145000000   -0.432707256   -4.421562470
    0.145500000   -0.430404999   -4.765054854
    0.146000000   -0.427965087   -4.971320039
    0.146500000   -0.425457212   -5.036475489
    0.147000000   -0.422952353   -4.959273247
    0.147500000   -0.420521448   -4.741106228
    0.148000000   -0.418234089   -4.385965832
    0.148500000   -0.416157241   -3.900352231
    0.149000000   -0.414354016   -3.293139559
    0.149500000   -0.412882533   -2.575398963
    0.150000000   -0.411794872   -1.760183252
    0.150500000   -0.411136140   -0.862277483
    0.151000000   -0.410943676    0.102079604
    0.151500000   -0.411246401    1.115497962
    0.152000000   -0.412064317    2.159756692
    0.152500000   -0.413408179    3.216136649
    0.153000000   -0.415279327    4.265759105
    0.153500000   -0.417669692    5.289924366
    0.154000000   -0.420561972    6.270444332
    0.154500000   -0.423929963    7.189963153
    0.155000000   -0.427739057    8.032260474
    0.155500000   -0.431946877    8.782532080
    0.156000000   -0.436504052    9.427643282
    0.156500000   -0.441355108    9.956350876
    0.157000000   -0.446439462   10.359490144
    0.157500000   -0.451692501   10.630124008
    0.158000000   -0.457046722   10.763652143
    0.158500000   -0.462432923   10.757878587
    0.159000000   -0.467781409   10.613037105
    0.159500000   -0.473023210   10.331774332
    0.160000000   -0.478091268    9.919091401
    0.160500000   -0.482921596    9.382245516
    0.161000000   -0.487454371    8.730613541
    0.161500000   -0.491634956    7.975520356
    0.162000000   -0.495414818    7.130035243
    0.162500000   -0.498752349    6.208740088
    0.163000000   -0.501613557    5.227473635
    0.163500000   -0.503972627    4.203056335
    0.164000000   -0.505812338    3.153000636
    0.164500000   -0.507124338    2.095211736
    0.165000000   -0.507909261    1.047683921
    0.165500000   -0.508176699    0.028197606
    0.166000000   -0.507945015   -0.945977858
    0.166500000   -0.507241024   -1.858370702
    0.167000000   -0.506099516   -2.693577947
    0.167500000   -0.504562666   -3.437516922
    0.168000000   -0.502679310   -4.077653126
    0.168500000   -0.500504122   -4.603200909
    0.169000000   -0.498096696   -5.005293890
    0.169500000   -0.495520550   -5.277122631
    0.170000000   -0.492842071   -5.414037578
    0.170500000   -0.490129415   -5.413615930
    0.171000000   -0.487451385   -5.275691661
    0.171500000   -0.484876305   -5.002348546
    0.172000000   -0.482470903   -4.597876630
    0.172500000   -0.480299225   -4.068693189
    0.173000000   -0.478421600   -3.423229747
    0.173500000   -0.476893668   -2.671787309
    0.174000000   -0.475765485   -1.826362376
    0.174500000   -0.475080728   -0.900446827
    0.175000000   -0.474875998    0.091194929
    0.175500000   -0.475180249    1.132767764
    0.176000000   -0.476014329    2.207702583
    0.176500000   -0.477390667    3.298923824
    0.177000000   -0.479313083    4.389123354
    0.177500000   -0.481776741    5.461036379
    0.178000000   -0.484768243    6.497714999
    0.178500000   -0.488265851    7.482795103
    0.179000000   -0.492239845    8.400752479
    0.179500000   -0.496653002    9.237144193
    0.180000000   -0.501461197    9.978831590
    0.180500000   -0.506614102   10.614181580
    0.181000000   -0.512055987   11.133243239
    0.181500000   -0.517726600   11.527897191
    0.182000000   -0.523562110   11.791975647
    0.182500000   -0.529496113   11.921351501
    0.183000000   -0.535460661   11.913995318
    0.183500000   -0.541387323   11.769999614
    0.184000000   -0.547208244   11.491570283
    0.184500000   -0.552857190   11.082985575
    0.185000000   -0.558270572   10.550523482
    0.185500000   -0.563388420    9.902358896
    0.186000000   -0.568155295    9.148432326
    0.186500000   -0.572521142    8.300292388
    0.187000000   -0.576442041    7.370914655
    0.187500000   -0.579880878    6.374499784
    0.188000000   -0.582807898    5.326254125
    0.188500000   -0.585201154    4.242156262
    0.189000000   -0.587046829    3.138713078
    0.189500000   -0.588339440    2.032709117
    0.190000000   -0.589081914    0.940953025
    0.190500000   -0.589285534   -0.119975100
    0.191000000   -0.588969765   -1.133971688
    0.191500000   -0.588161954   -2.085649338
    0.192000000   -0.586896916   -2.960564620
    0.192500000   -0.585216405   -3.745430726
    0.193000000   -0.583168491   -4.428311935
    0.193500000   -0.580806835   -4.998797134
    0.194000000   -0.578189892   -5.448149973
    0.194500000   -0.575380041   -5.769433604
    0.195000000   -0.572442655   -5.957608338
    0.195500000   -0.569445140   -6.009600965
    0.196000000   -0.566455940   -5.924344906
    0.196500000   -0.563543523   -5.702790809
    0.197000000   -0.560775385   -5.347887611
    0.197500000   -0.558217054   -4.864534546
    0.198000000   -0.555931139   -4.259504970
    0.198500000   -0.553976414   -3.541343292
    0.199000000   -0.552406962   -2.720236666
    0.199500000   -0.551271395   -1.807863460
    0.200000000   -0.550612149   -0.817220826
    0.200500000   -0.550464870    0.237566020
    0.201000000   -0.550857902    1.341449961
    0.201500000   -0.551811881    2.478680524
    0.202000000   -0.553339438    3.633031630
    0.202500000   -0.555445021    4.788035220
    0.203000000   -0.558124835    5.927217400
    0.203500000   -0.561366892    7.034333747
    0.204000000   -0.565151190    8.093600413
    0.204500000   -0.569449996    9.089917799
    0.205000000   -0.574228243   10.009083671
    0.205500000   -0.579444029   10.837992764
    0.206000000   -0.585049214   11.564820149
    0.206500000   -0.590990097   12.179185865
    0.207000000   -0.597208181   12.672298612
    0.207500000   -0.603640996   13.037076614
    0.208000000   -0.610222979   13.268244072
    0.208500000   -0.616886395   13.362402012
    0.209000000   -0.623562289   13.318072655
    0.209500000   -0.630181452   13.135716857
    0.210000000   -0.636675389   12.817724508
    0.210500000   -0.642977274   12.368378159
    0.211000000   -0.649022884   11.793790536
    0.211500000   -0.654751492   11.101816924
    0.212000000   -0.660106710   10.301943772
    0.212500000   -0.665037275    9.405155155
    0.213000000   -0.669497760    8.423779065
    0.213500000   -0.673449201    7.371315707
    0.214000000   -0.676859638    6.262250276
    0.214500000   -0.679704559    5.111852817
    0.215000000   -0.681967241    3.935967990
    0.215500000   -0.683638979    2.750797623
    0.216000000   -0.684719214    1.572679075
    0.216500000   -0.685215543    0.417862407
    0.217000000   -0.685143620   -0.697710592
    0.217500000   -0.684526947   -1.758622558
    0.218000000   -0.683396560   -2.750188980
    0.218500000   -0.681790614   -3.658656136
    0.219000000   -0.679753868   -4.471385916
    0.219500000   -0.677337085   -5.177025112
    0.220000000   -0.674596353   -5.765656973
    0.220500000   -0.671592330   -6.228933076
    0.221000000   -0.668389433   -6.560183835
    0.221500000   -0.665054977   -6.754506270
    0.222000000   -0.661658271   -6.808827965
    0.222500000   -0.658269694   -6.721946460
    0.223000000   -0.654959755   -6.494543670
    0.223500000   -0.651798155   -6.129175228
    0.224000000   -0.648852852   -5.630235023
    0.224500000   -0.646189162   -5.003895471
    0.225000000   -0.643868887   -4.258024433
    0.225500000   -0.641949492   -3.402079959
    0.226000000   -0.640483340   -2.446984322
    0.226500000   -0.639516999   -1.404979096
    0.227000000   -0.639090618   -0.289463230
    0.227500000   -0.639237395    0.885183680
    0.228000000   -0.639983132    2.103790564
    0.228500000   -0.641345887    3.350593983
    0.229000000   -0.643335734    4.609444532
    0.229500000   -0.645954619    5.864017829
    0.230000000   -0.649196323    7.098027346
    0.230500000   -0.653046543    8.295436303
    0.231000000   -0.657483060    9.440665896
    0.231500000   -0.662476021   10.518797179
    0.232000000   -0.667988324   11.515764025
    0.232500000   -0.673976079   12.418534697
    0.233000000   -0.680389180   13.215279756
    0.233500000   -0.687171934   13.895524179
    0.234000000   -0.694263781   14.450281796
    0.234500000   -0.701600062   14.872170392
    0.235000000   -0.709112849   15.155506058
    0.235500000   -0.716731813   15.296375659
    0.236000000   -0.724385121   15.292686563
    0.236500000   -0.732000355   15.144193083
    0.237000000   -0.739505437   14.852499347
    0.237500000   -0.746829550   14.421038662
    0.238000000   -0.753904042   13.855029679
    0.238500000   -0.760663302   13.161410001
    0.239000000   -0.767045603   12.348748132
    0.239500000   -0.772993884   11.427134944
    0.240000000   -0.778456487   10.408056087
    0.240500000   -0.783387813    9.304246999
    0.241000000   -0.787748911    8.129532392
    0.241500000   -0.791507980    6.898652257
    0.242000000   -0.794640778    5.627076613
    0.242500000   -0.797130940    4.330811341
    0.243000000   -0.798970197    3.026197548
    0.243500000   -0.800158492    1.729706986
    0.244000000   -0.800703992    0.457736064
    0.244500000   -0.800623003   -0.773598964
    0.245000000   -0.799939775   -1.948663116
    0.245500000   -0.798686216   -3.052497603
    0.246000000   -0.796901504   -4.071006183
    0.246500000   -0.794631614   -4.991130642
    0.247000000   -0.791928755   -5.801013280
    0.247500000   -0.788850734   -6.490144432
    0.248000000   -0.785460250   -7.049493228
    0.248500000   -0.781824121   -7.471620045
    0.249000000   -0.778012469   -7.750769302
    0.249500000   -0.774097858   -7.882941500
    0.250000000   -0.770154399   -7.865943686
    0.250500000   -0.766256846   -7.699417757
    0.251000000   -0.762479666   -7.384846306
    0.251500000   -0.758896132   -6.925535992
    0.252000000   -0.755577414   -6.326578675
    0.252500000   -0.752591701   -5.594790833
    0.253000000   -0.750003360   -4.738632038
    0.253500000   -0.747872139   -3.768103512
    0.254000000   -0.746252422   -2.694628035
    0.254500000   -0.745192557   -1.530912683
    0.255000000   -0.744734248   -0.290796082
    0.255500000   -0.744912032    1.010917960
    0.256000000   -0.745752837    2.358638408
    0.256500000   -0.747275641    3.736174402
    0.257000000   -0.749491216    5.126929827
    0.257500000   -0.752401974    6.514102731
    0.258000000   -0.756001920    7.880887172
    0.258500000   -0.760276693    9.210675105
    0.259000000   -0.765203723   10.487255892
    0.259500000   -0.770752474   11.695011050
    0.260000000   -0.776884785   12.819101956
    0.260500000   -0.783555312   13.845648257
    0.261000000   -0.790712043   14.761894910
    0.261500000   -0.798296903   15.556365863
    0.262000000   -0.806246428   16.219002599
    0.262500000   -0.814492504   16.741285903
    0.263000000   -0.822963166   17.116339455
    0.263500000   -0.831583437   17.339014032
    0.264000000   -0.840276214   17.405951363
    0.264500000   -0.848963168   17.315626897
    0.265000000   -0.857565675   17.068371018
    0.265500000   -0.866005738   16.666368461
    0.266000000   -0.874206912   16.113635974
    0.266500000   -0.882095210   15.415978497
    0.267000000   -0.889599982   14.580924391
    0.267500000   -0.896654754   13.617640492
    0.268000000   -0.903198026   12.536827989
    0.268500000   -0.909174006   11.350600361
    0.269000000   -0.914533282   10.072344792
    0.269500000   -0.919233425    8.716568697
    0.270000000   -0.923239504    7.298733128
    0.270500000   -0.926524518    5.835075015
    0.271000000   -0.929069744    4.342420287
    0.271500000   -0.930864975    2.837990041
    0.272000000   -0.931908674    1.339201996
    0.272500000   -0.932208020   -0.136530488
    0.273000000   -0.931778856   -1.571999500
    0.273500000   -0.930645535   -2.950401488
    0.274000000   -0.928840671   -4.255531695
    0.274500000   -0.926404791   -5.471971902
    0.275000000   -0.923385896   -6.585269338
    0.275500000   -0.919838939   -7.582104707
    0.276000000   -0.915825215   -8.450447423
    0.276500000   -0.911411682   -9.179696293
    0.277000000   -0.906670218   -9.760804044
    0.277500000   -0.901676809  -10.186384275
    0.278000000   -0.896510705  -10.450799643
    0.278500000   -0.891253518  -10.550230264
    0.279000000   -0.885988308  -10.482721568
    0.279500000   -0.880798640  -10.248211060
    0.280000000   -0.875767635   -9.848533698
    0.280500000   -0.870977025   -9.287405805
    0.281000000   -0.866506221   -8.570387715
    0.281500000   -0.862431404   -7.704825568
    0.282000000   -0.858824653   -6.699772884
    0.282500000   -0.855753111   -5.565892828
    0.283000000   -0.853278213   -4.315342230
    0.283500000   -0.851454968   -2.961638664
    0.284000000   -0.850331317   -1.519512072
    0.284500000   -0.849947568   -0.004742580
    0.285000000   -0.850335909    1.566013687
    0.285500000   -0.851520024    3.175408849
    0.286000000   -0.853514785    4.805595537
    0.286500000   -0.856326060    6.438425037
    0.287000000   -0.859950609    8.055649120
    0.287500000   -0.864376083    9.639123315
    0.288000000   -0.869581131   11.171009383
    0.288500000   -0.875535602   12.633974735
    0.289000000   -0.882200842   14.011386606
    0.289500000   -0.889530099   15.287498821
    0.290000000   -0.897469004   16.447629099
    0.290500000   -0.905956148   17.478324930
    0.291000000   -0.914923736   18.367516187
    0.291500000   -0.924298313   19.104652796
    0.292000000   -0.934001552   19.680825929
    0.292500000   -0.943951107   20.088871382
    0.293000000   -0.954061502   20.323453991
    0.293500000   -0.964245066   20.381132136
    0.294000000   -0.974412889   20.260401623
    0.294500000   -0.984475798   19.961718430
    0.295000000   -0.994345341   19.487500055
    0.295500000   -1.003934758   18.842105428
    0.296000000   -1.013159950   18.031793574
    0.296500000   -1.021940405   17.064661468
    0.297000000   -1.030200107   15.950561710
    0.297500000   -1.037868382   14.701000907
    0.298000000   -1.044880697   13.329019831
    0.298500000   -1.051179398   11.849056623
    0.299000000   -1.056714365   10.276794505
    0.299500000   -1.061443598    8.628995618
    0.300000000   -1.065333710    6.923322760
    0.300500000   -1.068360334    5.178150932
    0.301000000   -1.070508425    3.412370691
    0.301500000   -1.071772470    1.645185428
    0.302000000   -1.072156595   -0.104095277
    0.302500000   -1.071674562   -1.816263999
    0.303000000   -1.070349669   -3.472423294
    0.303500000   -1.068214541   -5.054190780
    0.304000000   -1.065310826   -6.543899265
    0.304500000   -1.061688784   -7.924789793
    0.305000000   -1.057406791   -9.181195525
    0.305500000   -1.052530745  -10.298714484
    0.306000000   -1.047133396  -11.264369302
    0.306500000   -1.041293597  -12.066752251
    0.307000000   -1.035095484  -12.696153983
    0.307500000   -1.028627600  -13.144674583
    0.308000000   -1.021981967  -13.406315732
    0.308500000   -1.015253113  -13.477052950
    0.309000000   -1.008537076  -13.354887125
    0.309500000   -1.001930379  -13.039874733
    0.310000000   -0.995529000  -12.534136393
    0.310500000   -0.989427346  -11.841843603
    0.311000000   -0.983717229  -10.969183772
    0.311500000   -0.978486876   -9.924303837
    0.312000000   -0.973819967   -8.717233029
    0.312500000   -0.969794715   -7.359785543
    0.313000000   -0.966483005   -5.865444079
    0.313500000   -0.963949591   -4.249225432
    0.314000000   -0.962251366   -2.527529490
    0.314500000   -0.961436711   -0.717973175
    0.315000000   -0.961544932    1.160788979
    0.315500000   -0.962605788    3.089255775
    0.316000000   -0.964639116    5.047279867
    0.316500000   -0.967654564    7.014275791
    0.317000000   -0.971651419    8.969433361
    0.317500000   -0.976618554   10.891934232
    0.318000000   -0.982534473   12.761169400
    0.318500000   -0.989367478   14.556955385
    0.319000000   -0.997075925   16.259746857
    0.319500000   -1.005608603   17.850843498
    0.320000000   -1.014905203   19.312588955
    0.320500000   -1.024896888   20.628559794
    0.321000000   -1.035506956   21.783742498
    0.321500000   -1.046651583   22.764696635
    0.322000000   -1.058240651   23.559702491
    0.322500000   -1.070178639   24.158891592
    0.323000000   -1.082365578   24.554358730
    0.323500000   -1.094698057   24.740254286
    0.324000000   -1.107070271   24.712855839
    0.324500000   -1.119375094   24.470618260
    0.325000000   -1.131505180   24.014201719
    0.325500000   -1.143354066   23.346477231
    0.326000000   -1.154817272   22.472509618
    0.326500000   -1.165793393   21.399517982
    0.327000000   -1.176185160   20.136814015
    0.327500000   -1.185900464   18.695718685
    0.328000000   -1.194853341   17.089458083
    0.328500000   -1.202964887   15.333039398
    0.329000000   -1.210164120   13.443108218
    0.329500000   -1.216388757   11.437788513
    0.330000000   -1.221585909    9.336506876
    0.330500000   -1.225712688    7.159802718
    0.331000000   -1.228736712    4.929126287
    0.331500000   -1.230636508    2.666626502
    0.332000000   -1.231401805    0.394930686
    0.332500000   -1.231033719   -1.863081609
    0.333000000   -1.229544822   -4.084508444
    0.333500000   -1.226959093   -6.246656703
    0.334000000   -1.223311757   -8.327272376
    0.334500000   -1.218649012  -10.304767590
    0.335000000   -1.213027633  -12.158442111
    0.335500000   -1.206514480  -13.868697093
    0.336000000   -1.199185896  -15.417238887
    0.336500000   -1.191127002  -16.787270863
    0.337000000   -1.182430908  -17.963671266
    0.337500000   -1.173197828  -18.933155283
    0.338000000   -1.163534134  -19.684419651
    0.338500000   -1.153551324  -20.208268285
    0.339000000   -1.143364945  -20.497717596
    0.339500000   -1.133093467  -20.548080388
    0.340000000   -1.122857114  -20.357027374
    0.340500000   -1.112776678  -19.924625630
    0.341000000   -1.102972313  -19.253353501
    0.341500000   -1.093562336  -18.348091680
    0.342000000   -1.084662024  -17.216090471
    0.342500000   -1.076382454  -15.866913424
    0.343000000   -1.068829353  -14.312357796
    0.343500000   -1.062102015  -12.566352501
    0.344000000   -1.056292263  -10.644834458
    0.344500000   -1.051483475   -8.565604427
    0.345000000   -1.047749702   -6.348163652
    0.345500000   -1.045154851   -4.013532825
    0.346000000   -1.043751983   -1.584055035
    0.346500000   -1.043582700    0.916815443
    0.347000000   -1.044676644    3.464736531
    0.347500000   -1.047051114    6.034711796
    0.348000000   -1.050710797    8.601331732
    0.348500000   -1.055647624   11.139020578
    0.349000000   -1.061840745   13.622286301
    0.349500000   -1.069256643   16.025971337
    0.350000000   -1.077849353   18.325501656
    0.350500000   -1.087560822   20.497131744
    0.351000000   -1.098321381   22.518183093
    0.351500000   -1.110050337   24.367273871
    0.352000000   -1.122656674   26.024537503
    0.352500000   -1.136039868   27.471827986
    0.353000000   -1.150090789   28.692909896
    0.353500000   -1.164692705   29.673631163
    0.354000000   -1.179722361   30.402076854
    0.354500000   -1.195051132   30.868702382
    0.355000000   -1.210546236   31.066444734
    0.355500000   -1.226071999   30.990810532
    0.356000000   -1.241491158   30.639939930
    0.356500000   -1.256666187   30.014645610
    0.357000000   -1.271460635   29.118426328
    0.357500000   -1.285740473   27.957454747
    0.358000000   -1.299375418   26.540539496
    0.358500000   -1.312240238   24.879061659
    0.359000000   -1.324216017   22.986886141
    0.359500000   -1.335191368   20.880248580
    0.360000000   -1.345063589   18.577618730
    0.360500000   -1.353739735   16.099541447
    0.361000000   -1.361137619   13.468456645
    0.361500000   -1.367186705   10.708499774
    0.362000000   -1.371828903    7.845284572
    0.362500000   -1.375019251    4.905670036
    0.363000000   -1.376726478    1.917513674
    0.363500000   -1.376933438   -1.090586712
    0.364000000   -1.375637412   -4.089560386
    0.364500000   -1.372850277   -7.050137713
    0.365000000   -1.368598540   -9.943128379
    0.365500000   -1.362923222  -12.739701182
    0.366000000   -1.355879613  -15.411662828
    0.366500000   -1.347536881  -17.931733087
    0.367000000   -1.337977553  -20.273813742
    0.367500000   -1.327296851  -22.413248759
    0.368000000   -1.315601916  -24.327073200
    0.368500000   -1.303010898  -25.994248476
    0.369000000   -1.289651938  -27.395881659
    0.369500000   -1.275662045  -28.515426681
    0.370000000   -1.261185877  -29.338865423
    0.370500000   -1.246374435  -29.854866863
    0.371000000   -1.231383684  -30.054922628
    0.371500000   -1.216373116  -29.933457512
    0.372000000   -1.201504257  -29.487913734
    0.372500000   -1.186939146  -28.718807945
    0.373000000   -1.172838790  -27.629760225
    0.373500000   -1.159361606  -26.227494569
    0.374000000   -1.146661882  -24.521810610
    0.374500000   -1.134888245  -22.525526576
    0.375000000   -1.124182179  -20.254393769
    0.375500000   -1.114676579  -17.726983053
    0.376000000   -1.106494381  -14.964544166
    0.376500000   -1.099747259  -11.990838851
    0.377000000   -1.094534418   -8.831949093
    0.377500000   -1.090941487   -5.516061944
    0.378000000   -1.089039522   -2.073232665
    0.378500000   -1.088884141    1.464871901
    0.379000000   -1.090514779    5.065247614
    0.379500000   -1.093954096    8.693842703
    0.380000000   -1.099207527   12.315860367
    0.380500000   -1.106262989   15.896071765
    0.381000000   -1.115090740   19.399136709
    0.381500000   -1.125643411   22.789929292
    0.382000000   -1.137856189   26.033865649
    0.382500000   -1.151647175   29.097230968
    0.383000000   -1.166917896   31.947502877
    0.383500000   -1.183553983   34.553668347
    0.384000000   -1.201426002   36.886531275
    0.384500000   -1.220390436   38.919007971
    0.385000000   -1.240290816   40.626407874
    0.385500000   -1.260958976   41.986696901
    0.386000000   -1.282216454   42.980740995
    0.386500000   -1.303875989   43.592527571
    0.387000000   -1.325743137   43.809362731
    0.387500000   -1.347617973   43.622042319
    0.388000000   -1.369296871   43.024995100
    0.388500000   -1.390574355   42.016396551
    0.389000000   -1.411244988   40.598252011
    0.389500000   -1.431105308   38.776448185
    0.390000000   -1.449955769   36.560772240
    0.390500000   -1.467602693   33.964898021
    0.391000000   -1.483860199   31.006339172
    0.391500000   -1.498552110   27.706369232
    0.392000000   -1.511513801   24.089909045
    0.392500000   -1.522593989   20.185382101
    0.393000000   -1.531656446   16.024538701
    0.393500000   -1.538581604   11.642250096
    0.394000000   -1.543268067    7.076274010
    0.394500000   -1.545633981    2.366993196
    0.395000000   -1.545618285   -2.442871073
    0.395500000   -1.543181795   -7.308568490
    0.396000000   -1.538308145  -12.183649858
    0.396500000   -1.531004543  -17.020315409
    0.397000000   -1.521302360  -21.769778634
    0.397500000   -1.509257529  -26.382642842
    0.398000000   -1.494950754  -30.809287519
    0.398500000   -1.478487523  -35.000261481
    0.399000000   -1.459997924  -38.906679738
    0.399500000   -1.439636264  -42.480620927
    0.400000000   -1.417580486  -45.675522175
    0.400500000   -1.394031396  -48.446568231
    0.401000000   -1.369211689  -50.751071742
    0.401500000   -1.343364796  -52.548841626
    0.402000000   -1.316753544  -53.802536528
    0.402500000   -1.289658651  -54.478000501
    0.403000000   -1.262377046  -54.544578136
    0.403500000   -1.235220053  -53.975406547
    0.404000000   -1.208511422  -52.747681772
    0.404500000   -1.182585240  -50.842897338
    0.405000000   -1.157783727  -48.247052973
    0.405500000   -1.134454943  -44.950831635
    0.406000000   -1.112950401  -40.949743300
    0.406500000   -1.093622631  -36.244234196
    0.407000000   -1.076822689  -30.839760429
    0.407500000   -1.062897642  -24.746825217
    0.408000000   -1.052188044  -17.980979254
    0.408500000   -1.045025415  -10.562783967
    0.409000000   -1.041729762   -2.517737764
    0.409500000   -1.042607125    6.123834398
    0.410000000   -1.047947208   15.326927449
    0.410500000   -1.058021079   25.052037751
    0.411000000   -1.073078973   35.255378550
    0.411500000   -1.093348213   45.889127881
    0.412000000   -1.119031258   56.901707224
    0.412500000   -1.150303905   68.238088959
    0.413000000   -1.187313639   79.840130472
    0.413500000   -1.230178175   91.646932522
    0.414000000   -1.278984164  103.595219326
    0.414500000   -1.333786108  115.619737629
    0.415000000   -1.394605477  127.653671890
    0.415500000   -1.461430028  139.629072591
    0.416000000   -1.534213354  151.477294576
    0.416500000   -1.612874643  163.129442242
    0.417000000   -1.697298665  174.516818374
    0.417500000   -1.787335985  185.571373354
    0.418000000   -1.882803400  196.226151520
    0.418500000   -1.983484593  206.415731421
    0.419000000   -2.089131009  216.076656811
    0.419500000   -2.199462946  225.147855266
    0.420000000   -2.314170845  233.571041408
    0.420500000   -2.432916780  241.291101866
    0.421000000   -2.555336141  248.256459195
    0.421500000   -2.681039482  254.419412191
    0.422000000   -2.809614542  259.736450179
    0.422500000   -2.940628414  264.168539069
    0.423000000   -3.073629846  267.681377187
    0.423500000   -3.208151664  270.245619119
    0.424000000   -3.343713303  271.837066036
    0.424500000   -3.479823418  272.436821241
    0.425000000   -3.615982566  272.031409923
    0.425500000   -3.751685941  270.612862381
    0.426000000   -3.886426138  268.178760238
    0.426500000   -4.019695935  264.732245476
    0.427000000   -4.150991063  260.281992340
    0.427500000   -4.279812964  254.842142492
    0.428000000   -4.405671495  248.432204026
    0.428500000   -4.528087582  241.076915221
    0.429000000   -4.646595791  232.806074193
    0.429500000   -4.760746814  223.654335802
    0.430000000   -4.870109833  213.660977455
    0.430500000   -4.974274772  202.869635618
    0.431000000   -5.072854401  191.328015089
    0.431500000   -5.165486298  179.087573255
    0.432000000   -5.251834633  166.203181710
    0.432500000   -5.331591794  152.732767799
    0.433000000   -5.404479819  138.736938739
    0.433500000   -5.470251636  124.278591106
    0.434000000   -5.528692112  109.422508546
    0.434500000   -5.579618893   94.234950641
    0.435000000   -5.622883033   78.783235896
    0.435500000   -5.658369427   63.135321830
    0.436000000   -5.685997019   47.359385154
    0.436500000   -5.705718809   31.523404996
    0.437000000   -5.717521651   15.694752060
    0.437500000   -5.721425850   -0.060213433
    0.438000000   -5.717484555  -15.676532295
    0.438500000   -5.705782967  -31.091022774
    0.439000000   -5.686437358  -46.242640317
    0.439500000   -5.659593916  -61.072818354
    0.440000000   -5.625427425  -75.525787908
    0.440500000   -5.584139794  -89.548874037
    0.441000000   -5.535958437 -103.092767296
    0.441500000   -5.481134530 -116.111768625
    0.442000000   -5.419941151 -128.564006259
    0.442500000   -5.352671317 -140.411623518
    0.443000000   -5.279635935 -151.620936525
    0.443500000   -5.201161686 -162.162561164
    0.444000000   -5.117588845 -172.011508823
    0.444500000   -5.029269070 -181.147250680
    0.445000000   -4.936563160 -189.553750572
    0.445500000   -4.839838808 -197.219466678
    0.446000000   -4.739468361 -204.137322501
    0.446500000   -4.635826598 -210.304647860
    0.447000000   -4.529288550 -215.723090791
    0.447500000   -4.420227369 -220.398501495
    0.448000000   -4.309012258 -224.340789649
    0.448500000   -4.196006486 -227.563756559
    0.449000000   -4.081565490 -230.084903850
    0.449500000   -3.966035072 -231.925220480
    0.450000000   -3.849749718 -233.108950050
    0.450500000   -3.733031027 -233.663340470
    0.451000000   -3.616186283 -233.618378168
    0.451500000   -3.499507146 -233.006509072
    0.452000000   -3.383268500 -231.862348718
    0.452500000   -3.267727440 -230.222383812
    0.453000000   -3.153122415 -228.124667669
    0.453500000   -3.039672517 -225.608511894
    0.454000000   -2.927576936 -222.714176714
    0.454500000   -2.817014556 -219.482562302
    0.455000000   -2.708143715 -215.954903392
    0.455500000   -2.601102113 -212.172469431
    0.456000000   -2.496006870 -208.176272416
    0.456500000   -2.392954718 -204.006784478
    0.457000000   -2.292022351 -199.703667132
    0.457500000   -2.193266883 -195.305514039
    0.458000000   -2.096726453 -190.849608922
    0.458500000   -2.002420932 -186.371700174
    0.459000000   -1.910352742 -181.905793515
    0.459500000   -1.820507781 -177.483963889
    0.460000000   -1.732856424 -173.136187620
    0.460500000   -1.647354616 -168.890195648
    0.461000000   -1.563945023 -164.771348522
    0.461500000   -1.482558248 -160.802533575
    0.462000000   -1.403114081 -157.004084592
    0.462500000   -1.325522800 -153.393724033
    0.463000000   -1.249686481 -149.986527728
    0.463500000   -1.175500328 -146.794911763
    0.464000000   -1.102853998 -143.828641107
    0.464500000   -1.031632924 -141.094859362
    0.465000000   -0.961719614 -138.598138855
    0.465500000   -0.892994917 -136.340550141
    0.466000000   -0.825339253 -134.321749855
    0.466500000   -0.758633798 -132.539085705
    0.467000000   -0.692761607 -130.987717294
    0.467500000   -0.627608670 -129.660751358
    0.468000000   -0.563064911 -128.549389904
    0.468500000   -0.499025095 -127.643089663
    0.469000000   -0.435389657 -126.929731232
    0.469500000   -0.372065453 -126.395796187
    0.470000000   -0.308966407 -126.026550465
    0.470500000   -0.246014076 -125.806232286
    0.471000000   -0.183138116 -125.718242851
    0.471500000   -0.120276650 -125.745338125
    0.472000000   -0.057376546 -125.869819992
    0.472500000    0.005606407 -126.073725142
    0.473000000    0.068707409 -126.339010093
    0.473500000    0.131952655 -126.647730823
    0.474000000    0.195359431 -126.982215569
    0.474500000    0.258936289 -127.325229448
    0.475000000    0.322683304 -127.660129633
    0.475500000    0.386592411 -127.971009962
    0.476000000    0.450647799 -128.242833955
    0.476500000    0.514826388 -128.461555341
    0.477000000    0.579098340 -128.614225326
    0.477500000    0.643427638 -128.689085996
    0.478000000    0.707772702 -128.675649329
    0.478500000    0.772087038 -128.564761505
    0.479000000    0.836319919 -128.348652271
    0.479500000    0.900417086 -128.020969312
    0.480000000    0.964321465 -127.576797688
    0.480500000    1.027973883 -127.012664540
    0.481000000    1.091313788 -126.326529401
    0.481500000    1.154279965 -125.517760566
    0.482000000    1.216811226 -124.587098099
    0.482500000    1.278847085 -123.536604167
    0.483000000    1.340328405 -122.369601488
    0.483500000    1.401198014 -121.090600781
    0.484000000    1.461401270 -119.705218183
    0.484500000    1.520886601 -118.220083676
    0.485000000    1.579605981 -116.642741632
    0.485500000    1.637515363 -114.981544630
    0.486000000    1.694575055 -113.245541738
    0.486500000    1.750750040 -111.444362491
    0.487000000    1.806010235 -109.588097805
    0.487500000    1.860330694 -107.687179070
    0.488000000    1.913691746 -105.752256655
    0.488500000    1.966079075 -103.794079063
    0.489000000    2.017483738 -101.823373903
    0.489500000    2.067902127  -99.850731850
    0.490000000    2.117335873  -97.886494674
    0.490500000    2.165791690  -95.940648393
    0.491000000    2.213281177  -94.022722511
    0.491500000    2.259820566  -92.141696235
    0.492000000    2.305430418  -90.305912492
    0.492500000    2.350135295  -88.523000445
    0.493000000    2.393963376  -86.799807149
    0.493500000    2.436946061  -85.142338864
    0.494000000    2.479117527  -83.555712436
    0.494500000    2.520514284  -82.044117078
    0.495000000    2.561174694  -80.610786729
    0.495500000    2.601138497  -79.257983115
    0.496000000    2.640446318  -77.986989480
    0.496500000    2.679139178  -76.798114888
    0.497000000    2.717258016  -75.690708856
    0.497500000    2.754843206  -74.663186026
    0.498000000    2.791934106  -73.713060432
    0.498500000    2.828568613  -72.836988884
    0.499000000    2.864782750  -72.030822859
    0.499500000    2.900610275  -71.289668254
    0.500000000    2.936082328  -70.607952249
    0.500500000    2.971227107  -69.979496502
    0.501000000    3.006069586  -69.397595807
    0.501500000    3.040631273  -68.855101343
    0.502000000    3.074930006  -68.344507575
    0.502500000    3.108979802  -67.858041853
    0.503000000    3.142790745  -67.387755755
    0.503500000    3.176368916  -66.925617182
    0.504000000    3.209716382  -66.463602252
    0.504500000    3.242831217  -65.993786025
    0.505000000    3.275707577  -65.508431133
    0.505500000    3.308335812  -65.000073407
    0.506000000    3.340702629  -64.461603646
    0.506500000    3.372791282  -63.886344705
    0.507000000    3.404581810  -63.268123155
    0.507500000    3.436051307  -62.601334808
    0.508000000    3.467174217  -61.881003497
    0.508500000    3.497922666  -61.102832539
    0.509000000    3.528266810  -60.263248429
    0.509500000    3.558175206  -59.359436363
    0.510000000    3.587615199  -58.389367297
    0.510500000    3.616553322  -57.351816316
    0.511000000    3.644955695  -56.246372212
    0.511500000    3.672788441  -55.073438211
    0.512000000    3.700018083  -53.834223928
    0.512500000    3.726611947  -52.530728692
    0.513000000    3.752538554  -51.165716466
    0.513500000    3.777767990  -49.742682692
    0.514000000    3.802272261  -48.265813447
    0.514500000    3.826025632  -46.739937396
    0.515000000    3.849004930  -45.170471074
    0.515500000    3.871189826  -43.563358114
    0.516000000    3.892563079  -41.925003085
    0.516500000    3.913110753  -40.262200651
    0.517000000    3.932822389  -38.582060830
    0.517500000    3.951691148  -36.891931124
    0.518000000    3.969713906  -35.199316372
    0.518500000    3.986891313  -33.511797153
    0.519000000    4.003227815  -31.836947595
    0.519500000    4.018731621  -30.182253453
    0.520000000    4.033414648  -28.555031308
    0.520500000    4.047292411  -26.962349709
    0.521000000    4.060383881  -25.410953093
    0.521500000    4.072711306  -23.907189241
    0.522000000    4.084299993  -22.456941033
    0.522500000    4.095178062  -21.065563180
    0.523000000    4.105376166  -19.737824599
    0.523500000    4.114927185  -18.477856994
    0.524000000    4.123865897  -17.289110178
    0.524500000    4.132228625  -16.174314578
    0.525000000    4.140052871  -15.135451308
    0.525500000    4.147376937  -14.173730101
    0.526000000    4.154239533  -13.289575321
    0.526500000    4.160679384  -12.482620198
    0.527000000    4.166734832  -11.751709325
    0.527500000    4.172443449  -11.094909400
    0.528000000    4.177841649  -10.509528097
    0.528500000    4.182964313   -9.992140857
    0.529000000    4.187844438   -9.538625339
    0.529500000    4.192512791   -9.144203170
    0.530000000    4.196997596   -8.803488564
    0.530500000    4.201324244   -8.510543324
    0.531000000    4.205515031   -8.258937653
    0.531500000    4.209588931   -8.041816169
    0.532000000    4.213561395   -7.851968447
    0.532500000    4.217444198   -7.681903363
    0.533000000    4.221245314   -7.523926497
    0.533500000    4.224968836   -7.370219807
    0.534000000    4.228614935   -7.212922751
    0.534500000    4.232179856   -7.044214049
    0.535000000    4.235655962   -6.856393238
    0.535500000    4.239031813   -6.641961200
    0.536000000    4.242292283   -6.393698833
    0.536500000    4.245418727   -6.104743062
    0.537000000    4.248389169   -5.768659415
    0.537500000    4.251178539   -5.379510411
    0.538000000    4.253758935   -4.931919063
    0.538500000    4.256099921   -4.421126826
    0.539000000    4.258168843   -3.843045397
    0.539500000    4.259931185   -3.194301817
    0.540000000    4.261350927   -2.472276400
    0.540500000    4.262390937   -1.675133071
    0.541000000    4.263013364   -0.801841797
    0.541500000    4.263180048    0.147807169
    0.542000000    4.262852929    1.173197376
    0.542500000    4.261994463    2.272888723
    0.543000000    4.260568028    3.444628450
    0.543500000    4.258538330    4.685370505
    0.544000000    4.255871788    5.991303135
    0.544500000    4.252536914    7.357884462
    0.545000000    4.248504664    8.779885711
    0.545500000    4.243748766   10.251441711
    0.546000000    4.238246034   11.766108191
    0.546500000    4.231976631   13.316925332
    0.547000000    4.224924316   14.896486973
    0.547500000    4.217076648   16.497014821
    0.548000000    4.208425151   18.110436929
    0.548500000    4.198965442   19.728469714
    0.549000000    4.188697314   21.342702690
    0.549500000    4.177624781   22.944685115
    0.550000000    4.165756072   24.526013685
    0.550500000    4.153103589   26.078420420
    0.551000000    4.139683815   27.593859872
    0.551500000    4.125517182   29.064594784
    0.552000000    4.110627897   30.483279347
    0.552500000    4.095043726   31.843039220
    0.553000000    4.078795737   33.137547486
    0.553500000    4.061918009   34.361095800
    0.554000000    4.044447309   35.508659954
    0.554500000    4.026422731   36.575959215
    0.555000000    4.007885313   37.559508782
    0.555500000    3.988877626   38.456664813
    0.556000000    3.969443346   39.265661516
    0.556500000    3.949626806   39.985639887
    0.557000000    3.929472537   40.616667759
    0.557500000    3.909024801   41.159750876
    0.558000000    3.888327124   41.616834841
    0.558500000    3.867421825   41.990797825
    0.559000000    3.846349553   42.285434046
    0.559500000    3.825148836   42.505428091
    0.560000000    3.803855646   42.656320266
    0.560500000    3.782502978   42.744463220
    0.561000000    3.761120459   42.776970187
    0.561500000    3.739733982   42.761655284
    0.562000000    3.718365370   42.706966348
    0.562500000    3.697032079   42.621910900
    0.563000000    3.675746941   42.515975881
    0.563500000    3.654517938   42.399041857
    0.564000000    3.633348036   42.281292475
    0.564500000    3.612235050   42.173119959
    0.565000000    3.591171569   42.085027520
    0.565500000    3.570144923   42.027529569
    0.566000000    3.549137202   42.011050630
    0.566500000    3.528125329   42.045823913
    0.567000000    3.507081177   42.141790457
    0.567500000    3.485971745   42.308499819
    0.568000000    3.464759374   42.555013213
    0.568500000    3.443402014   42.889810032
    0.569000000    3.421853544   43.320698629
    0.569500000    3.400064120   43.854732231
    0.570000000    3.377980579   44.498130771
    0.570500000    3.355546871   45.256209428
    0.571000000    3.332704526   46.133314554
    0.571500000    3.309393159   47.132767643
    0.572000000    3.285550986   48.256817906
    0.572500000    3.261115379   49.506603938
    0.573000000    3.236023420   50.882124895
    0.573500000    3.210212485   52.382221508
    0.574000000    3.183620817   54.004567153
    0.574500000    3.156188118   55.745669149
    0.575000000    3.127856124   57.600880311
    0.575500000    3.098569177   59.564420734
    0.576000000    3.068274789   61.629409659
    0.576500000    3.036924177   63.787907199
    0.577000000    3.004472783   66.030965610
    0.577500000    2.970880762   68.348689688
    0.578000000    2.936113440   70.730305804
    0.578500000    2.900141733   73.164239007
    0.579000000    2.862942527   75.638197534
    0.579500000    2.824499015   78.139264027
    0.580000000    2.784800983   80.653992650
    0.580500000    2.743845055   83.168511286
    0.581000000    2.701634871   85.668627917
    0.581500000    2.658181227   88.139940257
    0.582000000    2.613502149   90.567947685
    0.582500000    2.567622912   92.938164484
    0.583000000    2.520576010   95.236233395
    0.583500000    2.472401058   97.448038473
    0.584000000    2.423144645   99.559816258
    0.584500000    2.372860133  101.558264263
    0.585000000    2.321607396  103.430645818
    0.585500000    2.269452514  105.164890342
    0.586000000    2.216467418  106.749688150
    0.586500000    2.162729483  108.174578945
    0.587000000    2.108321084  109.430033214
    0.587500000    2.053329116  110.507525813
    0.588000000    1.997844468  111.399601067
    0.588500000    1.941961479  112.099928832
    0.589000000    1.885777363  112.603351020
    0.589500000    1.829391611  112.905918176
    0.590000000    1.772905380  113.004915796
    0.590500000    1.716420874  112.898880174
    0.591000000    1.660040714  112.587603638
    0.591500000    1.603867310  112.072129171
    0.592000000    1.548002245  111.354734465
    0.592500000    1.492545655  110.438905598
    0.593000000    1.437595641  109.329300588
    0.593500000    1.383247692  108.031703185
    0.594000000    1.329594133  106.552967356
    0.594500000    1.276723610  104.900952986
    0.595000000    1.224720599  103.084453430
    0.595500000    1.173664967  101.113115584
    0.596000000    1.123631558   98.997353266
    0.596500000    1.074689840   96.748254697
    0.597000000    1.026903585   94.377484982
    0.597500000    0.980330612   91.897184510
    0.598000000    0.935022572   89.319864217
    0.598500000    0.891024789   86.658298724
    0.599000000    0.848376159   83.925418329
    0.599500000    0.807109094   81.134200894
    0.600000000    0.767249527   78.297564616
    0.600500000    0.728816972   75.428262707
    0.601000000    0.691824626   72.538780954
    0.601500000    0.656279532   69.641239108
    0.602000000    0.622182783   66.747297039
    0.602500000    0.589529779   63.868066496
    0.603000000    0.558310514   61.014029305
    0.603500000    0.528509917   58.194962743
    0.604000000    0.500108217   55.419872769
    0.604500000    0.473081347   52.696935697
    0.605000000    0.447401368   50.033448852
    0.605500000    0.423036922   47.435790609
    0.606000000    0.399953696   44.909390162
    0.606500000    0.378114906   42.458707256
    0.607000000    0.357481784   40.087222023
    0.607500000    0.338014063   37.797434959
    0.608000000    0.319670472   35.590876973
    0.608500000    0.302409212   33.468129355
    0.609000000    0.286188426   31.428853398
    0.609500000    0.270966646   29.471829311
    0.610000000    0.256703226   27.595003979
    0.610500000    0.243358743   25.795547029
    0.611000000    0.230895371   24.069914580
    0.611500000    0.219277219   22.413919970
    0.612000000    0.208470634   20.822810699
    0.612500000    0.198444464   19.291350758
    0.613000000    0.189170279   17.813907434
    0.613500000    0.180622543   16.384541685
    0.614000000    0.172778749   14.997101092
    0.614500000    0.165619499   13.645314403
    0.615000000    0.159128542   12.322886643
    0.615500000    0.153292758   11.023593776
    0.616000000    0.148102104    9.741375896
    0.616500000    0.143549505    8.470427936
    0.617000000    0.139630710    7.205286919
    0.617500000    0.136344093    5.940914802
    0.618000000    0.133690426    4.672775996
    0.618500000    0.131672609    3.396908728
    0.619000000    0.130295363    2.109989430
    0.619500000    0.129564904    0.809389452
    0.620000000    0.129488573   -0.506776553
    0.620500000    0.130074463   -1.839611137
    0.621000000    0.131331015   -3.189403923
    0.621500000    0.133266607   -4.555611203
    0.622000000    0.135889135   -5.936845549
    0.622500000    0.139205590   -7.330875602
    0.623000000    0.143221637   -8.734636107
    0.623500000    0.147941206  -10.144248165
    0.624000000    0.153366088  -11.555049532
    0.624500000    0.159495556  -12.961634733
    0.625000000    0.166326007  -14.357904624
    0.625500000    0.173850623  -15.737124946
    0.626000000    0.182059076  -17.091993307
    0.626500000    0.190937260  -18.414713965
    0.627000000    0.200467066  -19.697079651
    0.627500000    0.210626194  -20.930559638
    0.628000000    0.221388018  -22.106393162
    0.628500000    0.232721497  -23.215687259
    0.629000000    0.244591128  -24.249517991
    0.629500000    0.256956961  -25.199034045
    0.630000000    0.269774662  -26.055561604
    0.630500000    0.282995624  -26.810709391
    0.631000000    0.296567138  -27.456472781
    0.631500000    0.310432610  -27.985335850
    0.632000000    0.324531832  -28.390370260
    0.632500000    0.338801297  -28.665329907
    0.633000000    0.353174566  -28.804740258
    0.633500000    0.367582671  -28.803981396
    0.634000000    0.381954565  -28.659363793
    0.634500000    0.396217604  -28.368195945
    0.635000000    0.410298057  -27.928843041
    0.635500000    0.424121655  -27.340775939
    0.636000000    0.437614144  -26.604609803
    0.636500000    0.450701873  -25.722131868
    0.637000000    0.463312380  -24.696317891
    0.637500000    0.475374989  -23.531336953
    0.638000000    0.486821408  -22.232544411
    0.638500000    0.497586313  -20.806462900
    0.639000000    0.507607927  -19.260751403
    0.639500000    0.516828579  -17.604162546
    0.640000000    0.525195236  -15.846488372
    0.640500000    0.532660009  -13.998494984
    0.641000000    0.539180617  -12.071846558
    0.641500000    0.544720822  -10.079019329
    0.642000000    0.549250802   -8.033206287
    0.642500000    0.552747495   -5.948213380
    0.643000000    0.555194868   -3.838348164
    0.643500000    0.556584145   -1.718301872
    0.644000000    0.556913965    0.396973997
    0.644500000    0.556190480    2.492395439
    0.645000000    0.554427393    4.552876864
    0.645500000    0.551645920    6.563463914
    0.646000000    0.547874695    8.509466923
    0.646500000    0.543149602   10.376593707
    0.647000000    0.537513545   12.151080403
    0.647500000    0.531016151   13.819819040
    0.648000000    0.523713411   15.370480580
    0.648500000    0.515667261   16.791632173
    0.649000000    0.506945108   18.072847436
    0.649500000    0.497619296   19.204808592
    0.650000000    0.487766534   20.179399408
    0.650500000    0.477467271   20.989787932
    0.651000000    0.466805034   21.630498114
    0.651500000    0.455865738   22.097469508
    0.652000000    0.444736962   22.388104364
    0.652500000    0.433507215   22.501301514
    0.653000000    0.422265173   22.437476615
    0.653500000    0.411098927   22.198568395
    0.654000000    0.400095218   21.788030738
    0.654500000    0.389338685   21.210810532
    0.655000000    0.378911128   20.473311360
    0.655500000    0.368890792   19.583343276
    0.656000000    0.359351678   18.550059002
    0.656500000    0.350362890   17.383877062
    0.657000000    0.341988024   16.096392469
    0.657500000    0.334284608   14.700275724
    0.658000000    0.327303586   13.209161011
    0.658500000    0.321088871   11.637524571
    0.659000000    0.315676954   10.000554344
    0.659500000    0.311096581    8.314012095
    0.660000000    0.307368507    6.594089258
    0.660500000    0.304505311    4.857257884
    0.661000000    0.302511300    3.120118060
    0.661500000    0.301382481    1.399243286
    0.662000000    0.301106612   -0.288974746
    0.662500000    0.301663334   -1.928480438
    0.663000000    0.303024376   -3.503706163
    0.663500000    0.305153834   -4.999720219
    0.664000000    0.308008530   -6.402369421
    0.664500000    0.311538430   -7.698414894
    0.665000000    0.315687138   -8.875659712
    0.665500000    0.320392443   -9.923067082
    0.666000000    0.325586930  -10.830867876
    0.666500000    0.331198635  -11.590656380
    0.667000000    0.337151749  -12.195473271
    0.667500000    0.343367363  -12.639874931
    0.668000000    0.349764234  -12.919988328
    0.668500000    0.356259584  -13.033550877
    0.669000000    0.362769913  -12.979934761
    0.669500000    0.369211816  -12.760155434
    0.670000000    0.375502807  -12.376864098
    0.670500000    0.381562130  -11.834324170
    0.671000000    0.387311554  -11.138371870
    0.671500000    0.392676150  -10.296361243
    0.672000000    0.397585032   -9.317094077
    0.672500000    0.401972056   -8.210735332
    0.673000000    0.405776484   -6.988714847
    0.673500000    0.408943585   -5.663616233
    0.674000000    0.411425184   -4.249053982
    0.674500000    0.413180143   -2.759539979
    0.675000000    0.414174773   -1.210340662
    0.675500000    0.414383178    0.382673755
    0.676000000    0.413787515    2.003186556
    0.676500000    0.412378175    3.634596739
    0.677000000    0.410153889    5.260184582
    0.677500000    0.407121741    6.863278898
    0.678000000    0.403297103    8.427424337
    0.678500000    0.398703490    9.936547029
    0.679000000    0.393372319   11.375116904
    0.679500000    0.387342608   12.728305041
    0.680000000    0.380660579   13.982134440
    0.680500000    0.373379203   15.123622646
    0.681000000    0.365557663   16.140914779
    0.681500000    0.357260763   17.023405545
    0.682000000    0.348558273   17.761848973
    0.682500000    0.339524229   18.348454690
    0.683000000    0.330236176   18.776969713
    0.683500000    0.320774392   19.042744842
    0.684000000    0.311221063   19.142784935
    0.684500000    0.301659456   19.075782467
    0.685000000    0.292173065   18.842133956
    0.685500000    0.282844756   18.443939028
    0.686000000    0.273755928   17.884982043
    0.686500000    0.264985671   17.170696405
    0.687000000    0.256609957   16.308111839
    0.687500000    0.248700858   15.305785112
    0.688000000    0.241325803   14.173714840
    0.688500000    0.234546884   12.923241182
    0.689000000    0.228420208   11.566931405
    0.689500000    0.222995319   10.118452428
    0.690000000    0.218314683    8.592431624
    0.690500000    0.214413242    7.004307248
    0.691000000    0.211318048    5.370170028
    0.691500000    0.209047979    3.706597497
    0.692000000    0.207613541    2.030482774
    0.692500000    0.207016748    0.358859549
    0.693000000    0.207251099   -1.291274927
    0.693500000    0.208301642   -2.903136999
    0.694000000    0.210145122   -4.460332073
    0.694500000    0.212750220   -5.947026540
    0.695000000    0.216077876   -7.348114341
    0.695500000    0.220081691   -8.649376422
    0.696000000    0.224708411   -9.837631346
    0.696500000    0.229898480  -10.900875475
    0.697000000    0.235586660  -11.828411169
    0.697500000    0.241702718  -12.610961631
    0.698000000    0.248172156  -13.240771111
    0.698500000    0.254916998  -13.711689346
    0.699000000    0.261856608  -14.019239298
    0.699500000    0.268908541  -14.160667370
    0.700000000    0.275989412  -14.134975516
    0.700500000    0.283015782  -13.942934821
    0.701000000    0.289905035  -13.587080316
    0.701500000    0.296576263  -13.071687016
    0.702000000    0.302951119  -12.402727349
    0.702500000    0.308954655  -11.587810345
    0.703000000    0.314516122  -10.636103159
    0.703500000    0.319569724   -9.558235698
    0.704000000    0.324055321   -8.366189277
    0.704500000    0.327919079   -7.073170452
    0.705000000    0.331114040   -5.693471307
    0.705500000    0.333600636   -4.242317625
    0.706000000    0.335347111   -2.735706555
    0.706500000    0.336329864   -1.190235435
    0.707000000    0.336533705    0.377076381
    0.707500000    0.335952024    1.948970834
    0.708000000    0.334586857    3.508137625
    0.708500000    0.332448871    5.037401846
    0.709000000    0.329557250    6.519910734
    0.709500000    0.325939482    7.939317535
    0.710000000    0.321631065    9.279960450
    0.710500000    0.316675122   10.527034704
    0.711000000    0.311121929   11.666755829
    0.711500000    0.305028367   12.686512338
    0.712000000    0.298457301   13.575006081
    0.712500000    0.291476890   14.322378676
    0.713000000    0.284159837   14.920322590
    0.713500000    0.276582592   15.362175555
    0.714000000    0.268824510   15.642997225
    0.714500000    0.260966970   15.759627139
    0.715000000    0.253092482   15.710723260
    0.715500000    0.245283764   15.496780589
    0.716000000    0.237622829   15.120129538
    0.716500000    0.230190071   14.584913991
    0.717000000    0.223063366   13.897049200
    0.717500000    0.216317202   13.064159883
    0.718000000    0.210021843   12.095499112
    0.718500000    0.204242542   11.001848809
    0.719000000    0.199038801    9.795402854
    0.719500000    0.194463700    8.489634027
    0.720000000    0.190563292    7.099146197
    0.720500000    0.187376082    5.639513315
    0.721000000    0.184932578    4.127106966
    0.721500000    0.183254942    2.578914338
    0.722000000    0.182356727    1.012348607
    0.722500000    0.182242715   -0.554946175
    0.723000000    0.182908848   -2.105293522
    0.723500000    0.184342264   -3.621184075
    0.724000000    0.186521429   -5.085474039
    0.724500000    0.189416369   -6.481580248
    0.725000000    0.192989001   -7.793669644
    0.725500000    0.197193547   -9.006840993
    0.726000000    0.201977049  -10.107296746
    0.726500000    0.207279961  -11.082503038
    0.727000000    0.213036814  -11.921335957
    0.727500000    0.219176961  -12.614212336
    0.728000000    0.225625369  -13.153203504
    0.728500000    0.232303477  -13.532130615
    0.729000000    0.239130087  -13.746640350
    0.729500000    0.246022292  -13.794260049
    0.730000000    0.252896428  -13.674431501
    0.730500000    0.259669033  -13.388522911
    0.731000000    0.266257808  -12.939818783
    0.731500000    0.272582570  -12.333487707
    0.732000000    0.278566181  -11.576528305
    0.732500000    0.284135443  -10.677693840
    0.733000000    0.289221956   -9.647396225
    0.733500000    0.293762914   -8.497590449
    0.734000000    0.297701849   -7.241640625
    0.734500000    0.300989295   -5.894169113
    0.735000000    0.303583378   -4.470890376
    0.735500000    0.305450318   -2.988431413
    0.736000000    0.306564835   -1.464140764
    0.736500000    0.306910463    0.084111738
    0.737000000    0.306479759    1.638142198
    0.737500000    0.305274406    3.179664491
    0.738000000    0.303305210    4.690504247
    0.738500000    0.300591994    6.152812498
    0.739000000    0.297163376    7.549276483
    0.739500000    0.293056458    8.863325116
    0.740000000    0.288316398   10.079326679
    0.740500000    0.282995897   11.182776355
    0.741000000    0.277154589   12.160471349
    0.741500000    0.270858351   13.000671435
    0.742000000    0.264178532   13.693242964
    0.742500000    0.257191123   14.229784513
    0.743000000    0.249975857   14.603732584
    0.743500000    0.242615274   14.810445973
    0.744000000    0.235193738   14.847267679
    0.744500000    0.227796439   14.713563468
    0.745000000    0.220508373   14.410736499
    0.745500000    0.213413328   13.942217683
    0.746000000    0.206592877   13.313431734
    0.746500000    0.200125392   12.531739170
    0.747000000    0.194085096   11.606354807
    0.747500000    0.188541167   10.548243567
    0.748000000    0.183556884    9.369994715
    0.748500000    0.179188858    8.085675894
    0.749000000    0.175486329    6.710668586
    0.749500000    0.172490557    5.261486869
    0.750000000    0.170234300    3.755581546
    0.750500000    0.168741402    2.211131911
    0.751000000    0.168026479    0.646827621
    0.751500000    0.168094722   -0.918356779
    0.752000000    0.168941810   -2.465391961
    0.752500000    0.170553944   -3.975425794
    0.753000000    0.172907991   -5.430014380
    0.753500000    0.175971745   -6.811349319
    0.754000000    0.179704300   -8.102478406
    0.754500000    0.184056535   -9.287517006
    0.755000000    0.188971691  -10.351847460
    0.755500000    0.194386061  -11.282303993
    0.756000000    0.200229749  -12.067340740
    0.756500000    0.206427525  -12.697180725
    0.757000000    0.212899739  -13.163943800
    0.757500000    0.219563298  -13.461751845
    0.758000000    0.226332687  -13.586809737
    0.758500000    0.233121028  -13.537460951
    0.759000000    0.239841154  -13.314216893
    0.759500000    0.246406697  -12.919759432
    0.760000000    0.252733170  -12.358916408
    0.760500000    0.258739025  -11.638610215
    0.761000000    0.264346683  -10.767779927
    0.761500000    0.269483516   -9.757277733
    0.762000000    0.274082779   -8.619740794
    0.762500000    0.278084455   -7.369439960
    0.763000000    0.281436040   -6.022107060
    0.763500000    0.284093218   -4.594742797
    0.764000000    0.286020449   -3.105407508
    0.764500000    0.287191443   -1.572997313
    0.765000000    0.287589515   -0.017008365
    0.765500000    0.287207829    1.542707904
    0.766000000    0.286049513    3.086195505
    0.766500000    0.284127642    4.593647446
    0.767000000    0.281465109    6.045658919
    0.767500000    0.278094354    7.423476895
    0.768000000    0.274056980    8.709242907
    0.768500000    0.269403249    9.886225883
    0.769000000    0.264191457   10.939041963
    0.769500000    0.258487216   11.853858386
    0.770000000    0.252362626   12.618578711
    0.770500000    0.245895364   13.223006838
    0.771000000    0.239167705   13.658987558
    0.771500000    0.232265464   13.920521629
    0.772000000    0.225276897   14.003853701
    0.772500000    0.218291565   13.907531717
    0.773000000    0.211399174   13.632436812
    0.773500000    0.204688401   13.181783080
    0.774000000    0.198245743   12.561086961
    0.774500000    0.192154374   11.778106409
    0.775000000    0.186493044   10.842750384
    0.775500000    0.181335040    9.766959620
    0.776000000    0.176747196    8.564559971
    0.776500000    0.172789000    7.251090048
    0.777000000    0.169511782    5.843605203
    0.777500000    0.166958010    4.360460216
    0.778000000    0.165160700    2.821073393
    0.778500000    0.164142942    1.245675027
    0.779000000    0.163917565   -0.344956597
    0.779500000    0.164486929   -1.929768251
    0.780000000    0.165842854   -3.487710327
    0.780500000    0.167966697   -4.998017259
    0.781000000    0.170829560   -6.440486097
    0.781500000    0.174392642   -7.795749488
    0.782000000    0.178607723   -9.045539391
    0.782500000    0.183417774  -10.172937899
    0.783000000    0.188757697  -11.162611710
    0.783500000    0.194555165  -12.001026946
    0.784000000    0.200731578  -12.676641267
    0.784500000    0.207203096  -13.180070491
    0.785000000    0.213881757  -13.504227236
    0.785500000    0.220676651  -13.644429481
    0.786000000    0.227495146  -13.598477282
    0.786500000    0.234244142  -13.366696339
    0.787000000    0.240831334  -12.951947507
    0.787500000    0.247166477  -12.359601820
    0.788000000    0.253162627  -11.597481053
    0.788500000    0.258737346  -10.675764322
    0.789000000    0.263813849   -9.606861674
    0.789500000    0.268322080   -8.405256120
    0.790000000    0.272199706   -7.087315960
    0.790500000    0.275393005   -5.671079729
    0.791000000    0.277857642   -4.176016456
    0.791500000    0.279559319   -2.622764324
    0.792000000    0.280474293   -1.032851133
    0.792500000    0.280589745    0.571599716
    0.793000000    0.279904006    2.168173793
    0.793500000    0.278426618    3.734476612
    0.794000000    0.276178255    5.248446749
    0.794500000    0.273190469    6.688666741
    0.795000000    0.269505298    8.034667398
    0.795500000    0.265174718    9.267221216
    0.796000000    0.260259946   10.368620634
    0.796500000    0.254830622   11.322937106
    0.797000000    0.248963854   12.116257117
    0.797500000    0.242743159   12.736891611
    0.798000000    0.236257305   13.175555580
    0.798500000    0.229599069   13.425514984
    0.799000000    0.222863935   13.482698583
    0.799500000    0.216148738   13.345772744
    0.800000000    0.209550289   13.016177764
    0.800500000    0.203163985   12.498124823
    0.801000000    0.197082432   11.798553188
    0.801500000    0.191394101   10.927047889
    0.802000000    0.186182034    9.895718629
    0.802500000    0.181522619    8.719041283
    0.803000000    0.177484454    7.413663877
    0.803500000    0.174127316    5.998179472
    0.804000000    0.171501253    4.492868916
    0.804500000    0.169645810    2.919416858
    0.805000000    0.168589401    1.300604876
    0.805500000    0.168348842   -0.340014048
    0.806000000    0.168929052   -1.978455159
    0.806500000    0.170322922   -3.590650852
    0.807000000    0.172511359   -5.152803873
    0.807500000    0.175463517   -6.641739649
    0.808000000    0.179137188   -8.035252570
    0.808500000    0.183479373   -9.312441036
    0.809000000    0.188427018  -10.454026208
    0.809500000    0.193907894  -11.442649552
    0.810000000    0.199841632  -12.263144540
    0.810500000    0.206140880  -12.902778181
    0.811000000    0.212712569  -13.351458432
    0.811500000    0.219459283  -13.601904034
    0.812000000    0.226280694  -13.649773794
    0.812500000    0.233075058  -13.493752918
    0.813000000    0.239740740  -13.135594619
    0.813500000    0.246177749  -12.580115857
    0.814000000    0.252289258  -11.835146747
    0.814500000    0.257983090  -10.911433877
    0.815000000    0.263173140   -9.822498459
    0.815500000    0.267780723   -8.584450944
    0.816000000    0.271735806   -7.215764416
    0.816500000    0.274978133   -5.737009736
    0.817000000    0.277458191   -4.170556033
    0.817500000    0.279138039   -2.540240717
    0.818000000    0.279991943   -0.871013717
    0.818500000    0.280006846    0.811438890
    0.819000000    0.279182638    2.481086306
    0.819500000    0.277532226    4.111953635
    0.820000000    0.275081405    5.678525601
    0.820500000    0.271868532    7.156147147
    0.821000000    0.267943993    8.521414633
    0.821500000    0.263369484    9.752551438
    0.822000000    0.258217109   10.829761894
    0.822500000    0.252568306   11.735557757
    0.823000000    0.246512617   12.455051732
    0.823500000    0.240146326   12.976213051
    0.824000000    0.233570971   13.290080579
    0.824500000    0.226891768   13.390929556
    0.825000000    0.220215959   13.276388760
    0.825500000    0.213651122   12.947505573
    0.826000000    0.207303450   12.408757287
    0.826500000    0.201276050   11.668007752
    0.827000000    0.195667268   10.736409372
    0.827500000    0.190569083    9.628251303
    0.828000000    0.186065588    8.360755600
    0.828500000    0.182231580    6.953823905
    0.829000000    0.179131301    5.429738121
    0.829500000    0.176817323    3.812819302
    0.830000000    0.175329630    2.129049736
    0.830500000    0.174694881    0.405663871
    0.831000000    0.174925896   -1.329285676
    0.831500000    0.176021357   -3.047380263
    0.832000000    0.177965743   -4.720298388
    0.832500000    0.180729494   -6.320282404
    0.833000000    0.184269407   -7.820601183
    0.833500000    0.188529265   -9.196001026
    0.834000000    0.193440684  -10.423137229
    0.834500000    0.198924171  -11.480978870
    0.835000000    0.204890373  -12.351179748
    0.835500000    0.211241504  -13.018408814
    0.836000000    0.217872928  -13.470634017
    0.836500000    0.224674866  -13.699354176
    0.837000000    0.231534211  -13.699774234
    0.837500000    0.238336407  -13.470920179
    0.838000000    0.244967380  -13.015690799
    0.838500000    0.251315474  -12.340844528
    0.839000000    0.257273358  -11.456920653
    0.839500000    0.262739892  -10.378095276
    0.840000000    0.267621887   -9.121973552
    0.840500000    0.271835761   -7.709320796
    0.841000000    0.275309038   -6.163736194
    0.841500000    0.277981673   -4.511273852
    0.842000000    0.279807171   -2.780016932
    0.842500000    0.280753492   -0.999611522
    0.843000000    0.280803707    0.799232291
    0.843500000    0.279956396    2.585264007
    0.844000000    0.278225790    4.327232205
    0.844500000    0.275641631    5.994430793
    0.845000000    0.272248766    7.557242571
    0.845500000    0.268106464    8.987670534
    0.846000000    0.263287485   10.259847404
    0.846500000    0.257876885   11.350514075
    0.847000000    0.251970610   12.239458032
    0.847500000    0.245673865   12.909903373
    0.848000000    0.239099313   13.348844737
    0.848500000    0.232365122   13.547318314
    0.849000000    0.225592884   13.500604118
    0.849500000    0.218905465   13.208354787
    0.850000000    0.212424797   12.674647458
    0.850500000    0.206269672   11.907956527
    0.851000000    0.200553566   10.921046532
    0.851500000    0.195382538    9.730785797
    0.852000000    0.190853240    8.357882943
    0.852500000    0.187051078    6.826549802
    0.853000000    0.184048559    5.164095691
    0.853500000    0.181903858    3.400459332
    0.854000000    0.180659631    1.567686002
    0.854500000    0.180342102   -0.300641387
    0.855000000    0.180960447   -2.170007519
    0.855500000    0.182506478   -4.005595631
    0.856000000    0.184954662   -5.772932898
    0.856500000    0.188262447   -7.438538463
    0.857000000    0.192370924   -8.970562058
    0.857500000    0.197205796  -10.339401074
    0.858000000    0.202678647  -11.518284116
    0.858500000    0.208688499  -12.483809460
    0.859000000    0.215123615  -13.216427449
    0.859500000    0.221863536  -13.700856692
    0.860000000    0.228781301  -13.926425006
    0.860500000    0.235745822  -13.887327245
    0.861000000    0.242624361  -13.582793631
    0.861500000    0.249285071  -13.017163750
    0.862000000    0.255599551  -12.199863109
    0.862500000    0.261445361  -11.145280946
    0.863000000    0.266708450   -9.872549894
    0.863500000    0.271285457   -8.405229978
    0.864000000    0.275085825   -6.770901383
    0.864500000    0.278033692   -5.000672262
    0.865000000    0.280069512   -3.128609702
    0.865500000    0.281151385   -1.191103593
    0.866000000    0.281256040    0.773825260
    0.866500000    0.280379475    2.727260144
    0.867000000    0.278537208    4.630152758
    0.867500000    0.275764154    6.444102167
    0.868000000    0.272114104    8.132133095
    0.868500000    0.267658821    9.659457925
    0.869000000    0.262486762   10.994206760
    0.869500000    0.256701446   12.108110181
    0.870000000    0.250419494   12.977119962
    0.870500000    0.243768384   13.581953902
    0.871000000    0.236883944   13.908552197
    0.871500000    0.229907650   13.948434247
    0.872000000    0.222983771   13.698946631
    0.872500000    0.216256414   13.163394948
    0.873000000    0.209866540   12.351054502
    0.873500000    0.203949000   11.277057165
    0.874000000    0.198629663    9.962154266
    0.874500000    0.194022688    8.432357950
    0.875000000    0.190228011    6.718466033
    0.875500000    0.187329091    4.855477964
    0.876000000    0.185390978    2.881911955
    0.876500000    0.184458742    0.839035698
    0.877000000    0.184556304   -1.229974783
    0.877500000    0.185685708   -3.280931727
    0.878000000    0.187826844   -5.269569661
    0.878500000    0.190937649   -7.152497575
    0.879000000    0.194954781   -8.888149132
    0.879500000    0.199794763  -10.437710318
    0.880000000    0.205355588  -11.766003893
    0.880500000    0.211518740  -12.842310464
    0.881000000    0.218151614  -13.641106836
    0.881500000    0.225110278  -14.142703629
    0.882000000    0.232242525  -14.333765911
    0.882500000    0.239391151  -14.207702737
    0.883000000    0.246397400  -13.764914051
    0.883500000    0.253104486  -13.012886250
    0.884000000    0.259361127  -11.966130883
    0.884500000    0.265025013  -10.645964307
    0.885000000    0.269966114   -9.080129651
    0.885500000    0.274069775   -7.302266036
    0.886000000    0.277239494   -5.351233577
    0.886500000    0.279399340   -3.270306234
    0.887000000    0.280495931   -1.106247877
    0.887500000    0.280499930    1.091709928
    0.888000000    0.279407004    3.272967169
    0.888500000    0.277238221    5.386708049
    0.889000000    0.274039869    7.383081552
    0.889500000    0.269882670    9.214383045
    0.890000000    0.264860423   10.836209258
    0.890500000    0.259088071   12.208558858
    0.891000000    0.252699242   13.296851296
    0.891500000    0.245843310   14.072837793
    0.892000000    0.238682021   14.515380120
    0.892500000    0.231385783   14.611075292
    0.893000000    0.224129670   14.354707367
    0.893500000    0.217089261   13.749511112
    0.894000000    0.210436386   12.807236440
    0.894500000    0.204334895   11.548007011
    0.895000000    0.198936555    9.999971182
    0.895500000    0.194377159    8.198748570
    0.896000000    0.190772979    6.186680550
    0.896500000    0.188217624    4.011898154
    0.897000000    0.186779416    1.727225720
    0.897500000    0.186499345   -0.611056674
    0.898000000    0.187389680   -2.944564748
    0.898500000    0.189433267   -5.214244561
    0.899000000    0.192583567   -7.361856061
    0.899500000    0.196765436   -9.331469312
    0.900000000    0.201876650  -11.070935633
    0.900500000    0.207790151  -12.533295302
    0.901000000    0.214356974  -13.678083924
    0.901500000    0.221409791  -14.472500906
    0.902000000    0.228767003  -14.892405931
    0.902500000    0.236237275  -14.923112666
    0.903000000    0.243624414  -14.559953217
    0.903500000    0.250732470  -13.808592042
    0.904000000    0.257370923  -12.685073890
    0.904500000    0.263359830  -11.215596900
    0.905000000    0.268534786   -9.436009009
    0.905500000    0.272751564   -7.391033153
    0.906000000    0.275890312   -5.133234215
    0.906500000    0.277859156   -2.721748119
    0.907000000    0.278597130   -0.220800581
    0.907500000    0.278076313    2.301950242
    0.908000000    0.276303097    4.777206996
    0.908500000    0.273318543    7.135916863
    0.909000000    0.269197775    9.311196311
    0.909500000    0.264048418   11.240244493
    0.910000000    0.258008090   12.866191351
    0.910500000    0.251240997   14.139826429
    0.911000000    0.243933707   15.021155764
    0.911500000    0.236290197   15.480737232
    0.912000000    0.228526300   15.500749211
    0.912500000    0.220863687   15.075753403
    0.913000000    0.213523558   14.213120041
    0.913500000    0.206720203   12.933092268
    0.914000000    0.200654630   11.268476154
    0.914500000    0.195508438    9.263953227
    0.915000000    0.191438130    6.975023399
    0.915500000    0.188570040    4.466597432
    0.916000000    0.186996048    1.811269205
    0.916500000    0.186770229   -0.912691154
    0.917000000    0.187906565   -3.623572231
    0.917500000    0.190377822   -6.238624421
    0.918000000    0.194115649   -8.676563712
    0.918500000    0.199011949  -10.860102919
    0.919000000    0.204921501  -12.718433352
    0.919500000    0.211665791  -14.189578305
    0.920000000    0.219037977  -15.222540526
    0.920500000    0.226808862  -15.779169073
    0.921000000    0.234733707  -15.835676698
    0.921500000    0.242559709  -15.383747085
    0.922000000    0.250033924  -14.431181770
    0.922500000    0.256911375  -13.002049180
    0.923000000    0.262963122  -11.136312669
    0.923500000    0.267984004   -8.888930321
    0.924000000    0.271799802   -6.328436160
    0.924500000    0.274273569   -3.535029890
    0.925000000    0.275310894   -0.598219638
    0.925500000    0.274863881    2.385920967
    0.926000000    0.272933681    5.317804467
    0.926500000    0.269571442    8.097599226
    0.927000000    0.264877582   10.628614794
    0.927500000    0.258999372   12.820692130
    0.928000000    0.252126842   14.593482545
    0.928500000    0.244487105   15.879497658
    0.929000000    0.236337227   16.626815136
    0.929500000    0.227955866   16.801331534
    0.930000000    0.219633908   16.388464341
    0.930500000    0.211664414   15.394220118
    0.931000000    0.204332204   13.845564201
    0.931500000    0.197903435   11.790049335
    0.932000000    0.192615561    9.294685272
    0.932500000    0.188668044    6.444058096
    0.933000000    0.186214185    3.337735905
    0.933500000    0.185354417    0.087025659
    0.934000000    0.186131370   -3.188826628
    0.934500000    0.188526939   -6.366874654
    0.935000000    0.192461562   -9.325009243
    0.935500000    0.197795807  -11.946635464
    0.936000000    0.204334292  -14.125316840
    0.936500000    0.211831888  -15.769206138
    0.937000000    0.220002039  -16.805080866
    0.937500000    0.228526972  -17.181807226
    0.938000000    0.237069453  -16.873069180
    0.938500000    0.245285702  -15.879219439
    0.939000000    0.252838982  -14.228136330
    0.939500000    0.259413352  -11.975004033
    0.940000000    0.264727038   -9.200972681
    0.940500000    0.268544839   -6.010698145
    0.941000000    0.270689047   -2.528807474
    0.941500000    0.271048335    1.104616772
    0.942000000    0.269584182    4.739393493
    0.942500000    0.266334440    8.221257786
    0.943000000    0.261413776   11.398310948
    0.943500000    0.255010834   14.127651167
    0.944000000    0.247382093   16.281907057
    0.944500000    0.238842542   17.755383314
    0.945000000    0.229753442   18.469526859
    0.945500000    0.220507583   18.377433688
    0.946000000    0.211512580   17.467141906
    0.946500000    0.203172874   15.763494966
    0.947000000    0.195871190   13.328410329
    0.947500000    0.189950291   10.259451304
    0.948000000    0.185695864    6.686671791
    0.948500000    0.183321423    2.767782479
    0.949000000    0.182956011   -1.318230409
    0.949500000    0.184635443   -5.378820025
    0.950000000    0.188297677   -9.216634777
    0.950500000    0.193782749  -12.638951588
    0.951000000    0.200837512  -15.467364169
    0.951500000    0.209125179  -17.547261284
    0.952000000    0.218239457  -18.756607112
    0.952500000    0.227722792  -19.013535601
    0.953000000    0.237088018  -18.282295364
    0.953500000    0.245842479  -16.577132227
    0.954000000    0.253513503  -13.963772902
    0.954500000    0.259673969  -10.558273840
    0.955000000    0.263966612   -6.523121258
    0.955500000    0.266125692   -2.060607138
    0.956000000    0.265994705    2.596344102
    0.956500000    0.263538934    7.195569692
    0.957000000    0.258851845   11.478804917
    0.957500000    0.252154605   15.195946566
    0.958000000    0.243788334   18.119713147
    0.958500000    0.234199103   20.059887605
    0.959000000    0.223916083   20.876283324
    0.959500000    0.213523721   20.489575267
    0.960000000    0.203629196   18.889190192
    0.960500000    0.194826815   16.137555606
    0.961000000    0.187661317   12.370166184
    0.961500000    0.182592256    7.791135104
    0.962000000    0.179961767    2.664149020
    0.962500000    0.179967959   -2.700971552
    0.963000000    0.182646038   -7.965604178
    0.963500000    0.187858903  -12.782745744
    0.964000000    0.195298502  -16.819438652
    0.964500000    0.204498634  -19.779876867
    0.965000000    0.214859165  -21.427687859
    0.965500000    0.225680839  -21.605789714
    0.966000000    0.236209086  -20.252225486
    0.966500000    0.245684425  -17.410492362
    0.967000000    0.253396383  -13.233118269
    0.967500000    0.258737331   -7.977592942
    0.968000000    0.261252260   -1.994224544
    0.968500000    0.260680497    4.293951896
    0.969000000    0.256985514   10.418470795
    0.969500000    0.250369569   15.898552466
    0.970000000    0.241270744   20.278036476
    0.970500000    0.230341077   23.163585005
    0.971000000    0.218405882   24.261195928
    0.971500000    0.206405908   23.407836692
    0.972000000    0.195325560   20.595014806
    0.972500000    0.186111964   15.981376628
    0.973000000    0.179590989    9.891994514
    0.973500000    0.176387272    2.802862984
    0.974000000    0.176855800   -4.689749000
    0.974500000    0.181032422  -11.914105992
    0.975000000    0.188609833  -18.179530177
    0.975500000    0.198943956  -22.840728922
    0.976000000    0.211093372  -25.364676353
    0.976500000    0.223891542  -25.393752131
    0.977000000    0.236048217  -22.798244469
    0.977500000    0.246273010  -17.711331562
    0.978000000    0.253410761  -10.540388998
    0.978500000    0.256575641   -1.950004256
    0.979000000    0.255269146    7.185583307
    0.979500000    0.249466770   15.859843001
    0.980000000    0.239659360   23.036755820
    0.980500000    0.226838350   27.770889447
    0.981000000    0.212419015   29.332941214
    0.981500000    0.198102621   27.325985242
    0.982000000    0.185686202   21.775920774
    0.982500000    0.176837017   13.179643881
    0.983000000    0.172856536    2.496720649
    0.983500000    0.174464817   -8.924873835
    0.984000000    0.181639108  -19.491037399
    0.984500000    0.193539269  -27.564352285
    0.985000000    0.208546102  -31.708910924
    0.985500000    0.224426636  -30.947451016
    0.986000000    0.238623023  -24.991504201
    0.986500000    0.248640415  -14.399421458
    0.987000000    0.252486359   -0.617371816
    0.987500000    0.249093540   14.133123753
    0.988000000    0.238643614   27.139356976
    0.988500000    0.222707403   35.643331742
    0.989000000    0.204130548   37.402919201
    0.989500000    0.186627075   31.281206271
    0.990000000    0.174096512   17.739607323
    0.990500000    0.169749195   -0.913498738
    0.991000000    0.175199267  -20.664387044
    0.991500000    0.189749181  -36.429668594
    0.992000000    0.210120661  -43.197849541
    0.992500000    0.230858857  -37.543898062
    0.993000000    0.245524889  -19.198634467
    0.993500000    0.248584227    7.836225279
    0.994000000    0.237606714   35.267525761
    0.994500000    0.215072096   52.195393450
    0.995000000    0.188834241   48.795537285
    0.995500000    0.170315612   21.554958412
    0.996000000    0.170010225  -21.598453840
    0.996500000    0.191084141  -59.480376350
    0.997000000    0.223818799  -63.630892737
    0.997500000    0.245880247  -16.065752015
    0.998000000    0.234328336   62.658664995
    0.998500000    0.191106825   92.816962695
    0.999000000    0.166646588  -22.201612545
    0.999500000    0.221339876 -158.071962662
    1.000000000    0.165482060  742.646470653
