#! FIELDS nm targetdist der_nm
#! SET min_nm 0.0
#! SET max_nm 1.0
#! SET nbins_nm  2001
#! SET periodic_nm false
 0.000000 0.000000 0.000000
 0.000500 0.000000 0.000000
 0.001000 0.000000 0.000000
 0.001500 0.000000 0.000000
 0.002000 0.000000 0.000000
 0.002500 0.000000 0.000000
 0.003000 0.000000 0.000000
 0.003500 0.000000 0.000000
 0.004000 0.000000 0.000000
 0.004500 0.000000 0.000000
 0.005000 0.000000 0.000000
 0.005500 0.000000 0.000000
 0.006000 0.000000 0.000000
 0.006500 0.000000 0.000000
 0.007000 0.000000 0.000000
 0.007500 0.000000 0.000000
 0.008000 0.000000 0.000000
 0.008500 0.000000 0.000000
 0.009000 0.000000 0.000000
 0.009500 0.000000 0.000000
 0.010000 0.000000 0.000000
 0.010500 0.000000 0.000000
 0.011000 0.000000 0.000000
 0.011500 0.000000 0.000000
 0.012000 0.000000 0.000000
 0.012500 0.000000 0.000000
 0.013000 0.000000 0.000000
 0.013500 0.000000 0.000000
 0.014000 0.000000 0.000000
 0.014500 0.000000 0.000000
 0.015000 0.000000 0.000000
 0.015500 0.000000 0.000000
 0.016000 0.000000 0.000000
 0.016500 0.000000 0.000000
 0.017000 0.000000 0.000000
 0.017500 0.000000 0.000000
 0.018000 0.000000 0.000000
 0.018500 0.000000 0.000000
 0.019000 0.000000 0.000000
 0.019500 0.000000 0.000000
 0.020000 0.000000 0.000000
 0.020500 0.000000 0.000000
 0.021000 0.000000 0.000000
 0.021500 0.000000 0.000000
 0.022000 0.000000 0.000000
 0.022500 0.000000 0.000000
 0.023000 0.000000 0.000000
 0.023500 0.000000 0.000000
 0.024000 0.000000 0.000000
 0.024500 0.000000 0.000000
 0.025000 0.000000 0.000000
 0.025500 0.000000 0.000000
 0.026000 0.000000 0.000000
 0.026500 0.000000 0.000000
 0.027000 0.000000 0.000000
 0.027500 0.000000 0.000000
 0.028000 0.000000 0.000000
 0.028500 0.000000 0.000000
 0.029000 0.000000 0.000000
 0.029500 0.000000 0.000000
 0.030000 0.000000 0.000000
 0.030500 0.000000 0.000000
 0.031000 0.000000 0.000000
 0.031500 0.000000 0.000000
 0.032000 0.000000 0.000000
 0.032500 0.000000 0.000000
 0.033000 0.000000 0.000000
 0.033500 0.000000 0.000000
 0.034000 0.000000 0.000000
 0.034500 0.000000 0.000000
 0.035000 0.000000 0.000000
 0.035500 0.000000 0.000000
 0.036000 0.000000 0.000000
 0.036500 0.000000 0.000000
 0.037000 0.000000 0.000000
 0.037500 0.000000 0.000000
 0.038000 0.000000 0.000000
 0.038500 0.000000 0.000000
 0.039000 0.000000 0.000000
 0.039500 0.000000 0.000000
 0.040000 0.000000 0.000000
 0.040500 0.000000 0.000000
 0.041000 0.000000 0.000000
 0.041500 0.000000 0.000000
 0.042000 0.000000 0.000000
 0.042500 0.000000 0.000000
 0.043000 0.000000 0.000000
 0.043500 0.000000 0.000000
 0.044000 0.000000 0.000000
 0.044500 0.000000 0.000000
 0.045000 0.000000 0.000000
 0.045500 0.000000 0.000000
 0.046000 0.000000 0.000000
 0.046500 0.000000 0.000000
 0.047000 0.000000 0.000000
 0.047500 0.000000 0.000000
 0.048000 0.000000 0.000000
 0.048500 0.000000 0.000000
 0.049000 0.000000 0.000000
 0.049500 0.000000 0.000000
 0.050000 0.000000 0.000000
 0.050500 0.000000 0.000000
 0.051000 0.000000 0.000000
 0.051500 0.000000 0.000000
 0.052000 0.000000 0.000000
 0.052500 0.000000 0.000000
 0.053000 0.000000 0.000000
 0.053500 0.000000 0.000000
 0.054000 0.000000 0.000000
 0.054500 0.000000 0.000000
 0.055000 0.000000 0.000000
 0.055500 0.000000 0.000000
 0.056000 0.000000 0.000000
 0.056500 0.000000 0.000000
 0.057000 0.000000 0.000000
 0.057500 0.000000 0.000000
 0.058000 0.000000 0.000000
 0.058500 0.000000 0.000000
 0.059000 0.000000 0.000000
 0.059500 0.000000 0.000000
 0.060000 0.000000 0.000000
 0.060500 0.000000 0.000000
 0.061000 0.000000 0.000000
 0.061500 0.000000 0.000000
 0.062000 0.000000 0.000000
 0.062500 0.000000 0.000000
 0.063000 0.000000 0.000000
 0.063500 0.000000 0.000000
 0.064000 0.000000 0.000000
 0.064500 0.000000 0.000000
 0.065000 0.000000 0.000000
 0.065500 0.000000 0.000000
 0.066000 0.000000 0.000000
 0.066500 0.000000 0.000000
 0.067000 0.000000 0.000000
 0.067500 0.000000 0.000000
 0.068000 0.000000 0.000000
 0.068500 0.000000 0.000000
 0.069000 0.000000 0.000000
 0.069500 0.000000 0.000000
 0.070000 0.000000 0.000000
 0.070500 0.000000 0.000000
 0.071000 0.000000 0.000000
 0.071500 0.000000 0.000000
 0.072000 0.000000 0.000000
 0.072500 0.000000 0.000000
 0.073000 0.000000 0.000000
 0.073500 0.000000 0.000000
 0.074000 0.000000 0.000000
 0.074500 0.000000 0.000000
 0.075000 0.000000 0.000000
 0.075500 0.000000 0.000000
 0.076000 0.000000 0.000000
 0.076500 0.000000 0.000000
 0.077000 0.000000 0.000000
 0.077500 0.000000 0.000000
 0.078000 0.000000 0.000000
 0.078500 0.000000 0.000000
 0.079000 0.000000 0.000000
 0.079500 0.000000 0.000000
 0.080000 0.000000 0.000000
 0.080500 0.000000 0.000000
 0.081000 0.000000 0.000000
 0.081500 0.000000 0.000000
 0.082000 0.000000 0.000000
 0.082500 0.000000 0.000000
 0.083000 0.000000 0.000000
 0.083500 0.000000 0.000000
 0.084000 0.000000 0.000000
 0.084500 0.000000 0.000000
 0.085000 0.000000 0.000000
 0.085500 0.000000 0.000000
 0.086000 0.000000 0.000000
 0.086500 0.000000 0.000000
 0.087000 0.000000 0.000000
 0.087500 0.000000 0.000000
 0.088000 0.000000 0.000000
 0.088500 0.000000 0.000000
 0.089000 0.000000 0.000000
 0.089500 0.000000 0.000000
 0.090000 0.000000 0.000000
 0.090500 0.000000 0.000000
 0.091000 0.000000 0.000000
 0.091500 0.000000 0.000000
 0.092000 0.000000 0.000000
 0.092500 0.000000 0.000000
 0.093000 0.000000 0.000000
 0.093500 0.000000 0.000000
 0.094000 0.000000 0.000000
 0.094500 0.000000 0.000000
 0.095000 0.000000 0.000000
 0.095500 0.000000 0.000000
 0.096000 0.000000 0.000000
 0.096500 0.000000 0.000000
 0.097000 0.000000 0.000000
 0.097500 0.000000 0.000000
 0.098000 0.000000 0.000000
 0.098500 0.000000 0.000000
 0.099000 0.000000 0.000000
 0.099500 0.000000 0.000000
 0.100000 0.000000 0.000000
 0.100500 0.000000 0.000000
 0.101000 0.000000 0.000000
 0.101500 0.000000 0.000000
 0.102000 0.000000 0.000000
 0.102500 0.000000 0.000000
 0.103000 0.000000 0.000000
 0.103500 0.000000 0.000000
 0.104000 0.000000 0.000000
 0.104500 0.000000 0.000000
 0.105000 0.000000 0.000000
 0.105500 0.000000 0.000000
 0.106000 0.000000 0.000000
 0.106500 0.000000 0.000000
 0.107000 0.000000 0.000000
 0.107500 0.000000 0.000000
 0.108000 0.000000 0.000000
 0.108500 0.000000 0.000000
 0.109000 0.000000 0.000000
 0.109500 0.000000 0.000000
 0.110000 0.000000 0.000000
 0.110500 0.000000 0.000000
 0.111000 0.000000 0.000000
 0.111500 0.000000 0.000000
 0.112000 0.000000 0.000000
 0.112500 0.000000 0.000000
 0.113000 0.000000 0.000000
 0.113500 0.000000 0.000000
 0.114000 0.000000 0.000000
 0.114500 0.000000 0.000000
 0.115000 0.000000 0.000000
 0.115500 0.000000 0.000000
 0.116000 0.000000 0.000000
 0.116500 0.000000 0.000000
 0.117000 0.000000 0.000000
 0.117500 0.000000 0.000000
 0.118000 0.000000 0.000000
 0.118500 0.000000 0.000000
 0.119000 0.000000 0.000000
 0.119500 0.000000 0.000000
 0.120000 0.000000 0.000000
 0.120500 0.000000 0.000000
 0.121000 0.000000 0.000000
 0.121500 0.000000 0.000000
 0.122000 0.000000 0.000000
 0.122500 0.000000 0.000000
 0.123000 0.000000 0.000000
 0.123500 0.000000 0.000000
 0.124000 0.000000 0.000000
 0.124500 0.000000 0.000000
 0.125000 0.000000 0.000000
 0.125500 0.000000 0.000000
 0.126000 0.000000 0.000000
 0.126500 0.000000 0.000000
 0.127000 0.000000 0.000000
 0.127500 0.000000 0.000000
 0.128000 0.000000 0.000000
 0.128500 0.000000 0.000000
 0.129000 0.000000 0.000000
 0.129500 0.000000 0.000000
 0.130000 0.000000 0.000000
 0.130500 0.000000 0.000000
 0.131000 0.000000 0.000000
 0.131500 0.000000 0.000000
 0.132000 0.000000 0.000000
 0.132500 0.000000 0.000000
 0.133000 0.000000 0.000000
 0.133500 0.000000 0.000000
 0.134000 0.000000 0.000000
 0.134500 0.000000 0.000000
 0.135000 0.000000 0.000000
 0.135500 0.000000 0.000000
 0.136000 0.000000 0.000000
 0.136500 0.000000 0.000000
 0.137000 0.000000 0.000000
 0.137500 0.000000 0.000000
 0.138000 0.000000 0.000000
 0.138500 0.000000 0.000000
 0.139000 0.000000 0.000000
 0.139500 0.000000 0.000000
 0.140000 0.000000 0.000000
 0.140500 0.000000 0.000000
 0.141000 0.000000 0.000000
 0.141500 0.000000 0.000000
 0.142000 0.000000 0.000000
 0.142500 0.000000 0.000000
 0.143000 0.000000 0.000000
 0.143500 0.000000 0.000000
 0.144000 0.000000 0.000000
 0.144500 0.000000 0.000000
 0.145000 0.000000 0.000000
 0.145500 0.000000 0.000000
 0.146000 0.000000 0.000000
 0.146500 0.000000 0.000000
 0.147000 0.000000 0.000000
 0.147500 0.000000 0.000000
 0.148000 0.000000 0.000000
 0.148500 0.000000 0.000000
 0.149000 0.000000 0.000000
 0.149500 0.000000 0.000000
 0.150000 0.000000 0.000000
 0.150500 0.000000 0.000000
 0.151000 0.000000 0.000000
 0.151500 0.000000 0.000000
 0.152000 0.000000 0.000000
 0.152500 0.000000 0.000000
 0.153000 0.000000 0.000000
 0.153500 0.000000 0.000000
 0.154000 0.000000 0.000000
 0.154500 0.000000 0.000000
 0.155000 0.000000 0.000000
 0.155500 0.000000 0.000000
 0.156000 0.000000 0.000000
 0.156500 0.000000 0.000000
 0.157000 0.000000 0.000000
 0.157500 0.000000 0.000000
 0.158000 0.000000 0.000000
 0.158500 0.000000 0.000000
 0.159000 0.000000 0.000000
 0.159500 0.000000 0.000000
 0.160000 0.000000 0.000000
 0.160500 0.000000 0.000000
 0.161000 0.000000 0.000000
 0.161500 0.000000 0.000000
 0.162000 0.000000 0.000000
 0.162500 0.000000 0.000000
 0.163000 0.000000 0.000000
 0.163500 0.000000 0.000000
 0.164000 0.000000 0.000000
 0.164500 0.000000 0.000000
 0.165000 0.000000 0.000000
 0.165500 0.000000 0.000000
 0.166000 0.000000 0.000000
 0.166500 0.000000 0.000000
 0.167000 0.000000 0.000000
 0.167500 0.000000 0.000000
 0.168000 0.000000 0.000000
 0.168500 0.000000 0.000000
 0.169000 0.000000 0.000000
 0.169500 0.000000 0.000000
 0.170000 0.000000 0.000000
 0.170500 0.000000 0.000000
 0.171000 0.000000 0.000000
 0.171500 0.000000 0.000000
 0.172000 0.000000 0.000000
 0.172500 0.000000 0.000000
 0.173000 0.000000 0.000000
 0.173500 0.000000 0.000000
 0.174000 0.000000 0.000000
 0.174500 0.000000 0.000000
 0.175000 0.000000 0.000000
 0.175500 0.000000 0.000000
 0.176000 0.000000 0.000000
 0.176500 0.000000 0.000000
 0.177000 0.000000 0.000000
 0.177500 0.000000 0.000000
 0.178000 0.000000 0.000000
 0.178500 0.000000 0.000000
 0.179000 0.000000 0.000000
 0.179500 0.000000 0.000000
 0.180000 0.000000 0.000000
 0.180500 0.000000 0.000000
 0.181000 0.000000 0.000000
 0.181500 0.000000 0.000000
 0.182000 0.000000 0.000000
 0.182500 0.000000 0.000000
 0.183000 0.000000 0.000000
 0.183500 0.000000 0.000000
 0.184000 0.000000 0.000000
 0.184500 0.000000 0.000000
 0.185000 0.000000 0.000000
 0.185500 0.000000 0.000000
 0.186000 0.000000 0.000000
 0.186500 0.000000 0.000000
 0.187000 0.000000 0.000000
 0.187500 0.000000 0.000000
 0.188000 0.000000 0.000000
 0.188500 0.000000 0.000000
 0.189000 0.000000 0.000000
 0.189500 0.000000 0.000000
 0.190000 0.000000 0.000000
 0.190500 0.000000 0.000000
 0.191000 0.000000 0.000000
 0.191500 0.000000 0.000000
 0.192000 0.000000 0.000000
 0.192500 0.000000 0.000000
 0.193000 0.000000 0.000000
 0.193500 0.000000 0.000000
 0.194000 0.000000 0.000000
 0.194500 0.000000 0.000000
 0.195000 0.000000 0.000000
 0.195500 0.000000 0.000000
 0.196000 0.000000 0.000000
 0.196500 0.000000 0.000000
 0.197000 0.000000 0.000000
 0.197500 0.000000 0.000000
 0.198000 0.000000 0.000000
 0.198500 0.000000 0.000000
 0.199000 0.000000 0.000000
 0.199500 0.000000 0.000000
 0.200000 0.000000 0.000000
 0.200500 0.000000 0.000000
 0.201000 0.000000 0.000000
 0.201500 0.000000 0.000000
 0.202000 0.000000 0.000000
 0.202500 0.000000 0.000000
 0.203000 0.000000 0.000000
 0.203500 0.000000 0.000000
 0.204000 0.000000 0.000000
 0.204500 0.000000 0.000000
 0.205000 0.000000 0.000000
 0.205500 0.000000 0.000000
 0.206000 0.000000 0.000000
 0.206500 0.000000 0.000000
 0.207000 0.000000 0.000000
 0.207500 0.000000 0.000000
 0.208000 0.000000 0.000000
 0.208500 0.000000 0.000000
 0.209000 0.000000 0.000000
 0.209500 0.000000 0.000000
 0.210000 0.000000 0.000000
 0.210500 0.000000 0.000000
 0.211000 0.000000 0.000000
 0.211500 0.000000 0.000000
 0.212000 0.000000 0.000000
 0.212500 0.000000 0.000000
 0.213000 0.000000 0.000000
 0.213500 0.000000 0.000000
 0.214000 0.000000 0.000000
 0.214500 0.000000 0.000000
 0.215000 0.000000 0.000000
 0.215500 0.000000 0.000000
 0.216000 0.000000 0.000000
 0.216500 0.000000 0.000000
 0.217000 0.000000 0.000000
 0.217500 0.000000 0.000000
 0.218000 0.000000 0.000000
 0.218500 0.000000 0.000000
 0.219000 0.000000 0.000000
 0.219500 0.000000 0.000000
 0.220000 0.000000 0.000000
 0.220500 0.000000 0.000000
 0.221000 0.000000 0.000000
 0.221500 0.000000 0.000000
 0.222000 0.000000 0.000000
 0.222500 0.000000 0.000000
 0.223000 0.000000 0.000000
 0.223500 0.000000 0.000000
 0.224000 0.000000 0.000000
 0.224500 0.000000 0.000000
 0.225000 0.000000 0.000000
 0.225500 0.000000 0.000000
 0.226000 0.000000 0.000000
 0.226500 0.000000 0.000000
 0.227000 0.000000 0.000000
 0.227500 0.000000 0.000000
 0.228000 0.000000 0.000000
 0.228500 0.000000 0.000000
 0.229000 0.000000 0.000000
 0.229500 0.000000 0.000000
 0.230000 0.000000 0.000000
 0.230500 0.000000 0.000000
 0.231000 0.000000 0.000000
 0.231500 0.000000 0.000000
 0.232000 0.000000 0.000000
 0.232500 0.000000 0.000000
 0.233000 0.000000 0.000000
 0.233500 0.000000 0.000000
 0.234000 0.000000 0.000000
 0.234500 0.000000 0.000000
 0.235000 0.000000 0.000000
 0.235500 0.000000 0.000000
 0.236000 0.000000 0.000000
 0.236500 0.000000 0.000000
 0.237000 0.000000 0.000000
 0.237500 0.000000 0.000000
 0.238000 0.000000 0.000000
 0.238500 0.000000 0.000000
 0.239000 0.000000 0.000000
 0.239500 0.000000 0.000000
 0.240000 0.000000 0.000000
 0.240500 0.000000 0.000000
 0.241000 0.000000 0.000000
 0.241500 0.000000 0.000000
 0.242000 0.000000 0.000000
 0.242500 0.000000 0.000000
 0.243000 0.000000 0.000000
 0.243500 0.000000 0.000000
 0.244000 0.000000 0.000000
 0.244500 0.000000 0.000000
 0.245000 0.000000 0.000000
 0.245500 0.000000 0.000000
 0.246000 0.000000 0.000000
 0.246500 0.000000 0.000000
 0.247000 0.000000 0.000000
 0.247500 0.000000 0.000000
 0.248000 0.000000 0.000000
 0.248500 0.000000 0.000000
 0.249000 0.000000 0.000000
 0.249500 0.000000 0.000000
 0.250000 0.000000 0.000000
 0.250500 0.000000 0.000000
 0.251000 0.000000 0.000000
 0.251500 0.000000 0.000000
 0.252000 0.000000 0.000000
 0.252500 0.000000 0.000000
 0.253000 0.000000 0.000000
 0.253500 0.000000 0.000000
 0.254000 0.000000 0.000000
 0.254500 0.000000 0.000000
 0.255000 0.000000 0.000000
 0.255500 0.000000 0.000000
 0.256000 0.000000 0.000000
 0.256500 0.000000 0.000000
 0.257000 0.000000 0.000000
 0.257500 0.000000 0.000000
 0.258000 0.000000 0.000000
 0.258500 0.000000 0.000000
 0.259000 0.000000 0.000000
 0.259500 0.000000 0.000000
 0.260000 0.000000 0.000000
 0.260500 0.000000 0.000000
 0.261000 0.000000 0.000000
 0.261500 0.000000 0.000000
 0.262000 0.000000 0.000000
 0.262500 0.000000 0.000000
 0.263000 0.000000 0.000000
 0.263500 0.000000 0.000000
 0.264000 0.000000 0.000000
 0.264500 0.000000 0.000000
 0.265000 0.000000 0.000000
 0.265500 0.000000 0.000000
 0.266000 0.000000 0.000000
 0.266500 0.000000 0.000000
 0.267000 0.000000 0.000000
 0.267500 0.000000 0.000000
 0.268000 0.000000 0.000000
 0.268500 0.000000 0.000000
 0.269000 0.000000 0.000000
 0.269500 0.000000 0.000000
 0.270000 0.000000 0.000000
 0.270500 0.000000 0.000000
 0.271000 0.000000 0.000000
 0.271500 0.000000 0.000000
 0.272000 0.000000 0.000000
 0.272500 0.000000 0.000000
 0.273000 0.000000 0.000000
 0.273500 0.000000 0.000000
 0.274000 0.000000 0.000000
 0.274500 0.000000 0.000000
 0.275000 0.000000 0.000000
 0.275500 0.000000 0.000000
 0.276000 0.000000 0.000000
 0.276500 0.000000 0.000000
 0.277000 0.000000 0.000000
 0.277500 0.000000 0.000000
 0.278000 0.000000 0.000000
 0.278500 0.000000 0.000000
 0.279000 0.000000 0.000000
 0.279500 0.000000 0.000000
 0.280000 0.000000 0.000000
 0.280500 0.000000 0.000000
 0.281000 0.000000 0.000000
 0.281500 0.000000 0.000000
 0.282000 0.000000 0.000000
 0.282500 0.000000 0.000000
 0.283000 0.000000 0.000000
 0.283500 0.000000 0.000000
 0.284000 0.000000 0.000000
 0.284500 0.000000 0.000000
 0.285000 0.000000 0.000000
 0.285500 0.000000 0.000000
 0.286000 0.000000 0.000000
 0.286500 0.000000 0.000000
 0.287000 0.000000 0.000000
 0.287500 0.000000 0.000000
 0.288000 0.000000 0.000000
 0.288500 0.000000 0.000000
 0.289000 0.000000 0.000000
 0.289500 0.000000 0.000000
 0.290000 0.000000 0.000000
 0.290500 0.000000 0.000000
 0.291000 0.000000 0.000000
 0.291500 0.000000 0.000000
 0.292000 0.000000 0.000000
 0.292500 0.000000 0.000000
 0.293000 0.000000 0.000000
 0.293500 0.000000 0.000000
 0.294000 0.000000 0.000000
 0.294500 0.000000 0.000000
 0.295000 0.000000 0.000000
 0.295500 0.000000 0.000000
 0.296000 0.000000 0.000000
 0.296500 0.000000 0.000000
 0.297000 0.000000 0.000000
 0.297500 0.000000 0.000000
 0.298000 0.000000 0.000000
 0.298500 0.000000 0.000000
 0.299000 0.000000 0.000000
 0.299500 0.000000 0.000000
 0.300000 0.000000 0.000000
 0.300500 0.000000 0.000000
 0.301000 0.000000 0.000000
 0.301500 0.000000 0.000000
 0.302000 0.000000 0.000000
 0.302500 0.000000 0.000000
 0.303000 0.000000 0.000000
 0.303500 0.000000 0.000000
 0.304000 0.000000 0.000000
 0.304500 0.000000 0.000000
 0.305000 0.000000 0.000000
 0.305500 0.000000 0.000000
 0.306000 0.000000 0.000000
 0.306500 0.000000 0.000000
 0.307000 0.000000 0.000000
 0.307500 0.000000 0.000000
 0.308000 0.000000 0.000000
 0.308500 0.000000 0.000000
 0.309000 0.000000 0.000000
 0.309500 0.000000 0.000000
 0.310000 0.000000 0.000000
 0.310500 0.000000 0.000000
 0.311000 0.000000 0.000000
 0.311500 0.000000 0.000000
 0.312000 0.000000 0.000000
 0.312500 0.000000 0.000000
 0.313000 0.000000 0.000000
 0.313500 0.000000 0.000000
 0.314000 0.000000 0.000000
 0.314500 0.000000 0.000000
 0.315000 0.000000 0.000000
 0.315500 0.000000 0.000000
 0.316000 0.000000 0.000000
 0.316500 0.000000 0.000000
 0.317000 0.000000 0.000000
 0.317500 0.000000 0.000000
 0.318000 0.000000 0.000000
 0.318500 0.000000 0.000000
 0.319000 0.000000 0.000000
 0.319500 0.000000 0.000000
 0.320000 0.000000 0.000000
 0.320500 0.000000 0.000000
 0.321000 0.000000 0.000000
 0.321500 0.000000 0.000000
 0.322000 0.000000 0.000000
 0.322500 0.000000 0.000000
 0.323000 0.000000 0.000000
 0.323500 0.000000 0.000000
 0.324000 0.000000 0.000000
 0.324500 0.000000 0.000000
 0.325000 0.000000 0.000000
 0.325500 0.000000 0.000000
 0.326000 0.000000 0.000000
 0.326500 0.000000 0.000000
 0.327000 0.000000 0.000000
 0.327500 0.000000 0.000000
 0.328000 0.000000 0.000000
 0.328500 0.000000 0.000000
 0.329000 0.000000 0.000000
 0.329500 0.000000 0.000000
 0.330000 0.000000 0.000000
 0.330500 0.000000 0.000000
 0.331000 0.000000 0.000000
 0.331500 0.000000 0.000000
 0.332000 0.000000 0.000000
 0.332500 0.000000 0.000000
 0.333000 0.000000 0.000000
 0.333500 0.000000 0.000000
 0.334000 0.000000 0.000000
 0.334500 0.000000 0.000000
 0.335000 0.000000 0.000000
 0.335500 0.000000 0.000000
 0.336000 0.000000 0.000000
 0.336500 0.000000 0.000000
 0.337000 0.000000 0.000000
 0.337500 0.000000 0.000000
 0.338000 0.000000 0.000000
 0.338500 0.000000 0.000000
 0.339000 0.000000 0.000000
 0.339500 0.000000 0.000000
 0.340000 0.000000 0.000000
 0.340500 0.000000 0.000000
 0.341000 0.000000 0.000000
 0.341500 0.000000 0.000000
 0.342000 0.000000 0.000000
 0.342500 0.000000 0.000000
 0.343000 0.000000 0.000000
 0.343500 0.000000 0.000000
 0.344000 0.000000 0.000000
 0.344500 0.000000 0.000000
 0.345000 0.000000 0.000000
 0.345500 0.000000 0.000000
 0.346000 0.000000 0.000000
 0.346500 0.000000 0.000000
 0.347000 0.000000 0.000000
 0.347500 0.000000 0.000000
 0.348000 0.000000 0.000000
 0.348500 0.000000 0.000000
 0.349000 0.000000 0.000000
 0.349500 0.000000 0.000000
 0.350000 0.000000 0.000000
 0.350500 0.000000 0.000000
 0.351000 0.000000 0.000000
 0.351500 0.000000 0.000000
 0.352000 0.000000 0.000000
 0.352500 0.000000 0.000000
 0.353000 0.000000 0.000000
 0.353500 0.000000 0.000000
 0.354000 0.000000 0.000000
 0.354500 0.000000 0.000000
 0.355000 0.000000 0.000000
 0.355500 0.000000 0.000000
 0.356000 0.000000 0.000000
 0.356500 0.000000 0.000000
 0.357000 0.000000 0.000000
 0.357500 0.000000 0.000000
 0.358000 0.000000 0.000000
 0.358500 0.000000 0.000000
 0.359000 0.000000 0.000000
 0.359500 0.000000 0.000000
 0.360000 0.000000 0.000000
 0.360500 0.000000 0.000000
 0.361000 0.000000 0.000000
 0.361500 0.000000 0.000000
 0.362000 0.000000 0.000000
 0.362500 0.000000 0.000000
 0.363000 0.000000 0.000000
 0.363500 0.000000 0.000000
 0.364000 0.000000 0.000000
 0.364500 0.000000 0.000099
 0.365000 0.000000 0.000243
 0.365500 0.000001 0.000394
 0.366000 0.000001 0.000587
 0.366500 0.000001 0.000860
 0.367000 0.000002 0.001207
 0.367500 0.000003 0.001675
 0.368000 0.000004 0.002252
 0.368500 0.000005 0.003176
 0.369000 0.000007 0.004281
 0.369500 0.000010 0.006015
 0.370000 0.000014 0.008130
 0.370500 0.000020 0.011007
 0.371000 0.000027 0.014673
 0.371500 0.000036 0.019392
 0.372000 0.000048 0.025014
 0.372500 0.000062 0.031940
 0.373000 0.000081 0.040335
 0.373500 0.000104 0.050771
 0.374000 0.000134 0.063287
 0.374500 0.000169 0.078021
 0.375000 0.000213 0.095374
 0.375500 0.000266 0.115667
 0.376000 0.000331 0.139338
 0.376500 0.000408 0.166729
 0.377000 0.000500 0.197923
 0.377500 0.000608 0.233224
 0.378000 0.000735 0.272992
 0.378500 0.000884 0.317293
 0.379000 0.001056 0.366082
 0.379500 0.001253 0.419615
 0.380000 0.001479 0.477287
 0.380500 0.001734 0.539277
 0.381000 0.002022 0.604686
 0.381500 0.002342 0.673196
 0.382000 0.002698 0.744099
 0.382500 0.003090 0.816843
 0.383000 0.003518 0.890323
 0.383500 0.003983 0.964030
 0.384000 0.004485 1.037083
 0.384500 0.005024 1.108510
 0.385000 0.005597 1.177622
 0.385500 0.006204 1.243992
 0.386000 0.006845 1.307604
 0.386500 0.007518 1.368707
 0.387000 0.008220 1.426394
 0.387500 0.008949 1.481014
 0.388000 0.009706 1.533329
 0.388500 0.010489 1.584122
 0.389000 0.011297 1.634095
 0.389500 0.012129 1.683875
 0.390000 0.012987 1.735499
 0.390500 0.013872 1.789898
 0.391000 0.014786 1.848319
 0.391500 0.015730 1.911590
 0.392000 0.016708 1.981305
 0.392500 0.017722 2.057851
 0.393000 0.018776 2.141889
 0.393500 0.019874 2.234047
 0.394000 0.021020 2.335444
 0.394500 0.022221 2.446908
 0.395000 0.023481 2.568272
 0.395500 0.024805 2.700229
 0.396000 0.026196 2.841919
 0.396500 0.027662 2.993715
 0.397000 0.029205 3.155185
 0.397500 0.030832 3.326796
 0.398000 0.032549 3.509052
 0.398500 0.034360 3.701572
 0.399000 0.036270 3.903674
 0.399500 0.038286 4.116616
 0.400000 0.040410 4.338540
 0.400500 0.042649 4.570806
 0.401000 0.045007 4.812569
 0.401500 0.047488 5.063925
 0.402000 0.050098 5.325283
 0.402500 0.052842 5.597710
 0.403000 0.055726 5.881338
 0.403500 0.058754 6.177145
 0.404000 0.061935 6.487481
 0.404500 0.065278 6.814758
 0.405000 0.068789 7.160638
 0.405500 0.072481 7.528990
 0.406000 0.076361 7.919993
 0.406500 0.080445 8.338937
 0.407000 0.084746 8.787584
 0.407500 0.089279 9.269088
 0.408000 0.094062 9.786473
 0.408500 0.099116 10.342515
 0.409000 0.104462 10.942134
 0.409500 0.110118 11.584664
 0.410000 0.116108 12.273012
 0.410500 0.122457 13.007936
 0.411000 0.129185 13.788419
 0.411500 0.136315 14.614252
 0.412000 0.143873 15.485980
 0.412500 0.151879 16.402175
 0.413000 0.160355 17.359281
 0.413500 0.169322 18.356717
 0.414000 0.178797 19.390484
 0.414500 0.188801 20.459801
 0.415000 0.199348 21.560887
 0.415500 0.210454 22.691483
 0.416000 0.222136 23.852254
 0.416500 0.234410 25.042128
 0.417000 0.247282 26.257174
 0.417500 0.260775 27.501832
 0.418000 0.274903 28.778055
 0.418500 0.289676 30.084553
 0.419000 0.305117 31.428349
 0.419500 0.321239 32.808116
 0.420000 0.338062 34.229775
 0.420500 0.355611 35.698974
 0.421000 0.373911 37.219260
 0.421500 0.392986 38.794901
 0.422000 0.412867 40.430945
 0.422500 0.433586 42.133581
 0.423000 0.455174 43.905099
 0.423500 0.477672 45.749113
 0.424000 0.501110 47.664675
 0.424500 0.525533 49.659633
 0.425000 0.550972 51.731122
 0.425500 0.577467 53.877599
 0.426000 0.605055 56.098506
 0.426500 0.633777 58.396848
 0.427000 0.663671 60.769487
 0.427500 0.694773 63.214368
 0.428000 0.727123 65.729812
 0.428500 0.760749 68.311313
 0.429000 0.795685 70.954235
 0.429500 0.831962 73.655723
 0.430000 0.869610 76.412522
 0.430500 0.908649 79.218245
 0.431000 0.949108 82.072325
 0.431500 0.991010 84.967870
 0.432000 1.034373 87.901944
 0.432500 1.079222 90.871247
 0.433000 1.125562 93.866874
 0.433500 1.173415 96.890669
 0.434000 1.222782 99.933345
 0.434500 1.273685 103.000431
 0.435000 1.326122 106.082274
 0.435500 1.380111 109.182194
 0.436000 1.435658 112.302727
 0.436500 1.492775 115.442033
 0.437000 1.551469 118.603873
 0.437500 1.611751 121.789488
 0.438000 1.673638 125.003696
 0.438500 1.737148 128.255780
 0.439000 1.802295 131.545794
 0.439500 1.869104 134.878455
 0.440000 1.937599 138.260230
 0.440500 2.007809 141.697269
 0.441000 2.079754 145.185358
 0.441500 2.153456 148.720109
 0.442000 2.228942 152.301904
 0.442500 2.306229 155.913337
 0.443000 2.385331 159.552958
 0.443500 2.466262 163.204287
 0.444000 2.549021 166.853905
 0.444500 2.633603 170.485164
 0.445000 2.719997 174.083265
 0.445500 2.808179 177.634497
 0.446000 2.898126 181.118488
 0.446500 2.989795 184.522223
 0.447000 3.083144 187.832604
 0.447500 3.178137 191.047462
 0.448000 3.274717 194.160033
 0.448500 3.372830 197.169073
 0.449000 3.472428 200.078922
 0.449500 3.573468 202.896161
 0.450000 3.675897 205.627518
 0.450500 3.779668 208.274570
 0.451000 3.884739 210.847556
 0.451500 3.991087 213.359066
 0.452000 4.098681 215.816957
 0.452500 4.207495 218.231015
 0.453000 4.317499 220.598041
 0.453500 4.428689 222.920834
 0.454000 4.541022 225.196757
 0.454500 4.654475 227.417734
 0.455000 4.769032 229.577430
 0.455500 4.884651 231.672141
 0.456000 5.001300 233.681160
 0.456500 5.118936 235.602904
 0.457000 5.237513 237.433921
 0.457500 5.356979 239.161983
 0.458000 5.477292 240.788932
 0.458500 5.598380 242.301396
 0.459000 5.720186 243.702204
 0.459500 5.842677 245.000855
 0.460000 5.965799 246.202371
 0.460500 6.089484 247.290593
 0.461000 6.213689 248.286091
 0.461500 6.338367 249.176724
 0.462000 6.463475 249.966932
 0.462500 6.588958 250.651950
 0.463000 6.714732 251.213801
 0.463500 6.840757 251.650849
 0.464000 6.966956 251.944826
 0.464500 7.093257 252.081799
 0.465000 7.219581 252.046090
 0.465500 7.345838 251.822066
 0.466000 7.471935 251.401485
 0.466500 7.597761 250.767400
 0.467000 7.723221 249.913747
 0.467500 7.848180 248.831765
 0.468000 7.972538 247.519569
 0.468500 8.096170 245.972414
 0.469000 8.218971 244.204457
 0.469500 8.340832 242.203858
 0.470000 8.461631 239.986645
 0.470500 8.581268 237.542595
 0.471000 8.699620 234.888751
 0.471500 8.816599 232.020993
 0.472000 8.932080 228.940089
 0.472500 9.045970 225.653943
 0.473000 9.158150 222.151408
 0.473500 9.268523 218.435252
 0.474000 9.376987 214.507339
 0.474500 9.483426 210.367402
 0.475000 9.587724 206.021886
 0.475500 9.689803 201.482008
 0.476000 9.789555 196.757225
 0.476500 9.886887 191.869145
 0.477000 9.981728 186.847477
 0.477500 10.074019 181.711768
 0.478000 10.163711 176.490278
 0.478500 10.250764 171.224974
 0.479000 10.335177 165.944499
 0.479500 10.416941 160.693298
 0.480000 10.496091 155.508390
 0.480500 10.572671 150.425698
 0.481000 10.646735 145.468115
 0.481500 10.718358 140.666175
 0.482000 10.787608 136.023842
 0.482500 10.854562 131.538621
 0.483000 10.919306 127.206760
 0.483500 10.981922 123.014425
 0.484000 11.042452 118.937637
 0.484500 11.100956 114.940502
 0.485000 11.157451 110.967348
 0.485500 11.211944 106.982244
 0.486000 11.264413 102.936072
 0.486500 11.314818 98.776868
 0.487000 11.363116 94.461609
 0.487500 11.409202 89.944354
 0.488000 11.452958 85.202128
 0.488500 11.494271 80.211467
 0.489000 11.533016 74.967652
 0.489500 11.569077 69.465114
 0.490000 11.602298 63.716243
 0.490500 11.632595 57.747024
 0.491000 11.659852 51.586727
 0.491500 11.683972 45.281640
 0.492000 11.704902 38.878739
 0.492500 11.722616 32.431657
 0.493000 11.737095 25.993813
 0.493500 11.748353 19.622477
 0.494000 11.756439 13.355478
 0.494500 11.761410 7.247530
 0.495000 11.763376 1.317883
 0.495500 11.762429 -4.399125
 0.496000 11.758654 -9.870378
 0.496500 11.752192 -15.088244
 0.497000 11.743182 -20.075569
 0.497500 11.731732 -24.812010
 0.498000 11.717956 -29.330397
 0.498500 11.701959 -33.633070
 0.499000 11.683843 -37.753705
 0.499500 11.663713 -41.733741
 0.500000 11.641617 -45.579520
 0.500500 11.617622 -49.324428
 0.501000 11.591766 -52.995980
 0.501500 11.564081 -56.615357
 0.502000 11.534589 -60.202348
 0.502500 11.503306 -63.767582
 0.503000 11.470228 -67.346926
 0.503500 11.435341 -70.948437
 0.504000 11.398648 -74.594861
 0.504500 11.360113 -78.292427
 0.505000 11.319709 -82.061212
 0.505500 11.277385 -85.897685
 0.506000 11.233116 -89.814940
 0.506500 11.186860 -93.819018
 0.507000 11.138574 -97.914257
 0.507500 11.088214 -102.095516
 0.508000 11.035728 -106.353184
 0.508500 10.981085 -110.690921
 0.509000 10.924243 -115.075404
 0.509500 10.865202 -119.500842
 0.510000 10.803939 -123.930079
 0.510500 10.740458 -128.328168
 0.511000 10.674792 -132.670435
 0.511500 10.606980 -136.923523
 0.512000 10.537054 -141.039743
 0.512500 10.465113 -144.991679
 0.513000 10.391245 -148.746213
 0.513500 10.315544 -152.269846
 0.514000 10.238141 -155.545460
 0.514500 10.159167 -158.558035
 0.515000 10.078754 -161.298846
 0.515500 9.997047 -163.761674
 0.516000 9.914182 -165.952766
 0.516500 9.830285 -167.880012
 0.517000 9.745472 -169.564889
 0.517500 9.659875 -171.031342
 0.518000 9.573576 -172.304272
 0.518500 9.486680 -173.420900
 0.519000 9.399261 -174.416706
 0.519500 9.311372 -175.306889
 0.520000 9.223047 -176.113792
 0.520500 9.134336 -176.866631
 0.521000 9.045246 -177.579281
 0.521500 8.955816 -178.276169
 0.522000 8.866037 -178.956115
 0.522500 8.775928 -179.610567
 0.523000 8.685502 -180.240650
 0.523500 8.594755 -180.826934
 0.524000 8.503733 -181.368736
 0.524500 8.412457 -181.856582
 0.525000 8.320953 -182.270707
 0.525500 8.229254 -182.592815
 0.526000 8.137419 -182.807644
 0.526500 8.045514 -182.919106
 0.527000 7.953570 -182.908245
 0.527500 7.861657 -182.786281
 0.528000 7.769839 -182.558440
 0.528500 7.678155 -182.232140
 0.529000 7.586658 -181.807942
 0.529500 7.495391 -181.316458
 0.530000 7.404384 -180.772250
 0.530500 7.313661 -180.204078
 0.531000 7.223233 -179.625164
 0.531500 7.133088 -179.059935
 0.532000 7.043220 -178.529542
 0.532500 6.953621 -178.047258
 0.533000 6.864241 -177.621885
 0.533500 6.775063 -177.270770
 0.534000 6.686038 -176.981119
 0.534500 6.597151 -176.767430
 0.535000 6.508356 -176.612306
 0.535500 6.419628 -176.511332
 0.536000 6.330948 -176.447399
 0.536500 6.242300 -176.398277
 0.537000 6.153676 -176.346286
 0.537500 6.065093 -176.275108
 0.538000 5.976557 -176.161875
 0.538500 5.888092 -175.981578
 0.539000 5.799731 -175.709194
 0.539500 5.711541 -175.345293
 0.540000 5.623563 -174.869417
 0.540500 5.535857 -174.265098
 0.541000 5.448485 -173.529670
 0.541500 5.361519 -172.659955
 0.542000 5.275032 -171.648352
 0.542500 5.189085 -170.489894
 0.543000 5.103756 -169.187742
 0.543500 5.019112 -167.747108
 0.544000 4.935226 -166.169010
 0.544500 4.852167 -164.458958
 0.545000 4.770006 -162.628986
 0.545500 4.688794 -160.679405
 0.546000 4.608590 -158.618843
 0.546500 4.529444 -156.454986
 0.547000 4.451405 -154.196746
 0.547500 4.374520 -151.858297
 0.548000 4.298826 -149.454602
 0.548500 4.224357 -147.003465
 0.549000 4.151123 -144.513734
 0.549500 4.079143 -142.007754
 0.550000 4.008418 -139.508321
 0.550500 3.938941 -137.031650
 0.551000 3.870695 -134.600756
 0.551500 3.803651 -132.233823
 0.552000 3.737772 -129.944528
 0.552500 3.673015 -127.749635
 0.553000 3.609330 -125.666168
 0.553500 3.546666 -123.706617
 0.554000 3.484952 -121.869867
 0.554500 3.424132 -120.167943
 0.555000 3.364133 -118.593831
 0.555500 3.304894 -117.147059
 0.556000 3.246353 -115.809425
 0.556500 3.188459 -114.572153
 0.557000 3.131162 -113.418286
 0.557500 3.074438 -112.334041
 0.558000 3.018246 -111.302482
 0.558500 2.962571 -110.305746
 0.559000 2.907389 -109.314017
 0.559500 2.852705 -108.319106
 0.560000 2.798525 -107.309861
 0.560500 2.744859 -106.268004
 0.561000 2.691732 -105.188768
 0.561500 2.639165 -104.063127
 0.562000 2.587179 -102.888985
 0.562500 2.535792 -101.656692
 0.563000 2.485036 -100.370192
 0.563500 2.434942 -99.034325
 0.564000 2.385536 -97.651770
 0.564500 2.336835 -96.224716
 0.565000 2.288870 -94.758295
 0.565500 2.241641 -93.248259
 0.566000 2.195180 -91.708612
 0.566500 2.149500 -90.135377
 0.567000 2.104621 -88.535527
 0.567500 2.060547 -86.905622
 0.568000 2.017304 -85.254712
 0.568500 1.974895 -83.582841
 0.569000 1.933326 -81.886628
 0.569500 1.892613 -80.180447
 0.570000 1.852762 -78.462450
 0.570500 1.813775 -76.734786
 0.571000 1.775653 -75.004107
 0.571500 1.738398 -73.277428
 0.572000 1.702008 -71.565271
 0.572500 1.666472 -69.870076
 0.573000 1.631773 -68.202624
 0.573500 1.597905 -66.572701
 0.574000 1.564843 -64.987613
 0.574500 1.532565 -63.459076
 0.575000 1.501040 -61.990566
 0.575500 1.470234 -60.589833
 0.576000 1.440111 -59.263747
 0.576500 1.410633 -58.021742
 0.577000 1.381756 -56.864485
 0.577500 1.353439 -55.800486
 0.578000 1.325639 -54.827847
 0.578500 1.298302 -53.944594
 0.579000 1.271388 -53.150420
 0.579500 1.244851 -52.441382
 0.580000 1.218656 -51.811225
 0.580500 1.192761 -51.250137
 0.581000 1.167130 -50.748274
 0.581500 1.141741 -50.293667
 0.582000 1.116573 -49.875137
 0.582500 1.091612 -49.477389
 0.583000 1.066852 -49.086943
 0.583500 1.042288 -48.688679
 0.584000 1.017929 -48.269300
 0.584500 0.993790 -47.819835
 0.585000 0.969886 -47.327636
 0.585500 0.946243 -46.786557
 0.586000 0.922885 -46.191989
 0.586500 0.899843 -45.542318
 0.587000 0.877143 -44.833630
 0.587500 0.854816 -44.071654
 0.588000 0.832889 -43.256667
 0.588500 0.811382 -42.393725
 0.589000 0.790318 -41.487458
 0.589500 0.769718 -40.548823
 0.590000 0.749593 -39.584766
 0.590500 0.729952 -38.605044
 0.591000 0.710807 -37.617200
 0.591500 0.692159 -36.629802
 0.592000 0.674011 -35.649148
 0.592500 0.656349 -34.675195
 0.593000 0.639173 -33.714260
 0.593500 0.622475 -32.768432
 0.594000 0.606244 -31.837433
 0.594500 0.590477 -30.927622
 0.595000 0.575164 -30.036300
 0.595500 0.560291 -29.162024
 0.596000 0.545856 -28.305697
 0.596500 0.531847 -27.469055
 0.597000 0.518252 -26.647097
 0.597500 0.505065 -25.840797
 0.598000 0.492275 -25.051256
 0.598500 0.479878 -24.282938
 0.599000 0.467860 -23.534624
 0.599500 0.456212 -22.808395
 0.600000 0.444921 -22.106902
 0.600500 0.433974 -21.431008
 0.601000 0.423362 -20.784422
 0.601500 0.413065 -20.166131
 0.602000 0.403073 -19.580355
 0.602500 0.393372 -19.025503
 0.603000 0.383940 -18.498384
 0.603500 0.374766 -17.999619
 0.604000 0.365836 -17.527631
 0.604500 0.357136 -17.078487
 0.605000 0.348658 -16.651837
 0.605500 0.340389 -16.242186
 0.606000 0.332326 -15.849860
 0.606500 0.324455 -15.467579
 0.607000 0.316773 -15.093978
 0.607500 0.309277 -14.726531
 0.608000 0.301966 -14.363091
 0.608500 0.294836 -14.003712
 0.609000 0.287884 -13.644705
 0.609500 0.281115 -13.290665
 0.610000 0.274522 -12.937668
 0.610500 0.268106 -12.588215
 0.611000 0.261866 -12.242836
 0.611500 0.255796 -11.901790
 0.612000 0.249896 -11.568761
 0.612500 0.244159 -11.245238
 0.613000 0.238584 -10.935781
 0.613500 0.233160 -10.639930
 0.614000 0.227882 -10.359805
 0.614500 0.222739 -10.095326
 0.615000 0.217725 -9.850638
 0.615500 0.212830 -9.626442
 0.616000 0.208043 -9.422775
 0.616500 0.203353 -9.238061
 0.617000 0.198750 -9.074232
 0.617500 0.194228 -8.931599
 0.618000 0.189771 -8.806294
 0.618500 0.185374 -8.696895
 0.619000 0.181028 -8.602628
 0.619500 0.176725 -8.520121
 0.620000 0.172462 -8.448284
 0.620500 0.168232 -8.382627
 0.621000 0.164037 -8.321827
 0.621500 0.159869 -8.261687
 0.622000 0.155732 -8.199905
 0.622500 0.151629 -8.134036
 0.623000 0.147562 -8.060740
 0.623500 0.143532 -7.977601
 0.624000 0.139549 -7.884941
 0.624500 0.135615 -7.778321
 0.625000 0.131738 -7.659771
 0.625500 0.127923 -7.526717
 0.626000 0.124178 -7.380859
 0.626500 0.120510 -7.223427
 0.627000 0.116927 -7.055459
 0.627500 0.113429 -6.875836
 0.628000 0.110024 -6.688003
 0.628500 0.106714 -6.492028
 0.629000 0.103504 -6.291160
 0.629500 0.100396 -6.086574
 0.630000 0.097390 -5.879698
 0.630500 0.094488 -5.672453
 0.631000 0.091691 -5.467437
 0.631500 0.088996 -5.263474
 0.632000 0.086402 -5.063723
 0.632500 0.083907 -4.867693
 0.633000 0.081509 -4.678587
 0.633500 0.079205 -4.495275
 0.634000 0.076989 -4.318973
 0.634500 0.074861 -4.150484
 0.635000 0.072815 -3.990711
 0.635500 0.070848 -3.839537
 0.636000 0.068953 -3.697312
 0.636500 0.067128 -3.564266
 0.637000 0.065368 -3.441021
 0.637500 0.063666 -3.326009
 0.638000 0.062021 -3.220943
 0.638500 0.060425 -3.124420
 0.639000 0.058876 -3.035167
 0.639500 0.057370 -2.953911
 0.640000 0.055903 -2.879856
 0.640500 0.054472 -2.811626
 0.641000 0.053075 -2.748272
 0.641500 0.051707 -2.688331
 0.642000 0.050370 -2.631525
 0.642500 0.049061 -2.576621
 0.643000 0.047779 -2.522253
 0.643500 0.046525 -2.467723
 0.644000 0.045299 -2.411711
 0.644500 0.044101 -2.352820
 0.645000 0.042934 -2.292299
 0.645500 0.041798 -2.227512
 0.646000 0.040696 -2.159601
 0.646500 0.039630 -2.086992
 0.647000 0.038601 -2.010187
 0.647500 0.037611 -1.928456
 0.648000 0.036662 -1.842599
 0.648500 0.035757 -1.753718
 0.649000 0.034898 -1.662188
 0.649500 0.034086 -1.569326
 0.650000 0.033321 -1.475543
 0.650500 0.032602 -1.381307
 0.651000 0.031930 -1.288676
 0.651500 0.031304 -1.198993
 0.652000 0.030723 -1.113330
 0.652500 0.030183 -1.032270
 0.653000 0.029682 -0.957500
 0.653500 0.029217 -0.890350
 0.654000 0.028784 -0.831007
 0.654500 0.028378 -0.780975
 0.655000 0.027994 -0.739329
 0.655500 0.027629 -0.707453
 0.656000 0.027278 -0.685155
 0.656500 0.026936 -0.671524
 0.657000 0.026598 -0.666838
 0.657500 0.026261 -0.669942
 0.658000 0.025921 -0.681239
 0.658500 0.025574 -0.698633
 0.659000 0.025216 -0.721372
 0.659500 0.024846 -0.748221
 0.660000 0.024461 -0.778860
 0.660500 0.024061 -0.812298
 0.661000 0.023644 -0.846844
 0.661500 0.023209 -0.882709
 0.662000 0.022756 -0.918400
 0.662500 0.022286 -0.953162
 0.663000 0.021799 -0.986162
 0.663500 0.021295 -1.016728
 0.664000 0.020778 -1.044209
 0.664500 0.020247 -1.068343
 0.665000 0.019705 -1.088661
 0.665500 0.019155 -1.104481
 0.666000 0.018597 -1.115892
 0.666500 0.018036 -1.122377
 0.667000 0.017472 -1.123638
 0.667500 0.016909 -1.120001
 0.668000 0.016349 -1.111193
 0.668500 0.015795 -1.098070
 0.669000 0.015249 -1.080375
 0.669500 0.014713 -1.058625
 0.670000 0.014188 -1.033604
 0.670500 0.013677 -1.005890
 0.671000 0.013180 -0.975657
 0.671500 0.012698 -0.944043
 0.672000 0.012233 -0.911403
 0.672500 0.011784 -0.878944
 0.673000 0.011351 -0.846656
 0.673500 0.010934 -0.815796
 0.674000 0.010532 -0.786159
 0.674500 0.010144 -0.758597
 0.675000 0.009770 -0.733114
 0.675500 0.009408 -0.709681
 0.676000 0.009057 -0.688413
 0.676500 0.008716 -0.669087
 0.677000 0.008384 -0.651391
 0.677500 0.008061 -0.634719
 0.678000 0.007746 -0.618836
 0.678500 0.007440 -0.602797
 0.679000 0.007141 -0.586722
 0.679500 0.006851 -0.569294
 0.680000 0.006570 -0.550607
 0.680500 0.006298 -0.530341
 0.681000 0.006037 -0.507817
 0.681500 0.005788 -0.483725
 0.682000 0.005551 -0.457404
 0.682500 0.005328 -0.429366
 0.683000 0.005119 -0.399801
 0.683500 0.004926 -0.369154
 0.684000 0.004748 -0.337971
 0.684500 0.004586 -0.306653
 0.685000 0.004439 -0.275742
 0.685500 0.004308 -0.245506
 0.686000 0.004192 -0.216954
 0.686500 0.004089 -0.189862
 0.687000 0.004000 -0.164969
 0.687500 0.003923 -0.142359
 0.688000 0.003856 -0.122197
 0.688500 0.003798 -0.104584
 0.689000 0.003749 -0.089687
 0.689500 0.003706 -0.077592
 0.690000 0.003669 -0.068097
 0.690500 0.003636 -0.061042
 0.691000 0.003607 -0.056487
 0.691500 0.003579 -0.054021
 0.692000 0.003551 -0.053351
 0.692500 0.003524 -0.054486
 0.693000 0.003496 -0.057169
 0.693500 0.003466 -0.061426
 0.694000 0.003433 -0.067008
 0.694500 0.003397 -0.073785
 0.695000 0.003358 -0.081624
 0.695500 0.003315 -0.090376
 0.696000 0.003266 -0.099907
 0.696500 0.003213 -0.110202
 0.697000 0.003155 -0.120989
 0.697500 0.003091 -0.132223
 0.698000 0.003022 -0.144082
 0.698500 0.002946 -0.156039
 0.699000 0.002865 -0.167774
 0.699500 0.002778 -0.179324
 0.700000 0.002685 -0.190302
 0.700500 0.002587 -0.200488
 0.701000 0.002485 -0.209736
 0.701500 0.002378 -0.217660
 0.702000 0.002267 -0.224108
 0.702500 0.002153 -0.228975
 0.703000 0.002038 -0.231935
 0.703500 0.001922 -0.233000
 0.704000 0.001805 -0.231997
 0.704500 0.001690 -0.228922
 0.705000 0.001576 -0.223810
 0.705500 0.001466 -0.216807
 0.706000 0.001359 -0.208038
 0.706500 0.001257 -0.197746
 0.707000 0.001161 -0.186054
 0.707500 0.001071 -0.173325
 0.708000 0.000988 -0.159805
 0.708500 0.000911 -0.145695
 0.709000 0.000842 -0.131404
 0.709500 0.000779 -0.117119
 0.710000 0.000724 -0.103063
 0.710500 0.000676 -0.089501
 0.711000 0.000634 -0.076454
 0.711500 0.000599 -0.064330
 0.712000 0.000569 -0.053144
 0.712500 0.000545 -0.042968
 0.713000 0.000526 -0.033582
 0.713500 0.000511 -0.025268
 0.714000 0.000500 -0.017775
 0.714500 0.000493 -0.011148
 0.715000 0.000488 -0.005304
 0.715500 0.000487 -0.000200
 0.716000 0.000488 0.004290
 0.716500 0.000491 0.008173
 0.717000 0.000495 0.011488
 0.717500 0.000502 0.014366
 0.718000 0.000509 0.016892
 0.718500 0.000518 0.019044
 0.719000 0.000528 0.020788
 0.719500 0.000539 0.022233
 0.720000 0.000550 0.023389
 0.720500 0.000561 0.023985
 0.721000 0.000573 0.024238
 0.721500 0.000585 0.024064
 0.722000 0.000597 0.023293
 0.722500 0.000608 0.021964
 0.723000 0.000619 0.020163
 0.723500 0.000628 0.017818
 0.724000 0.000637 0.014941
 0.724500 0.000643 0.011550
 0.725000 0.000648 0.007714
 0.725500 0.000651 0.003430
 0.726000 0.000651 -0.001121
 0.726500 0.000650 -0.005951
 0.727000 0.000645 -0.010870
 0.727500 0.000639 -0.015787
 0.728000 0.000630 -0.020577
 0.728500 0.000618 -0.025075
 0.729000 0.000605 -0.029109
 0.729500 0.000589 -0.032679
 0.730000 0.000572 -0.035569
 0.730500 0.000554 -0.037691
 0.731000 0.000535 -0.039154
 0.731500 0.000515 -0.039788
 0.732000 0.000495 -0.039649
 0.732500 0.000475 -0.038695
 0.733000 0.000456 -0.037025
 0.733500 0.000438 -0.034634
 0.734000 0.000422 -0.031645
 0.734500 0.000407 -0.028172
 0.735000 0.000394 -0.024257
 0.735500 0.000383 -0.020020
 0.736000 0.000374 -0.015549
 0.736500 0.000367 -0.010978
 0.737000 0.000363 -0.006390
 0.737500 0.000360 -0.001873
 0.738000 0.000361 0.002469
 0.738500 0.000363 0.006610
 0.739000 0.000367 0.010375
 0.739500 0.000373 0.013783
 0.740000 0.000381 0.016660
 0.740500 0.000390 0.019023
 0.741000 0.000400 0.020747
 0.741500 0.000410 0.021812
 0.742000 0.000421 0.022146
 0.742500 0.000432 0.021676
 0.743000 0.000443 0.020460
 0.743500 0.000452 0.018426
 0.744000 0.000461 0.015602
 0.744500 0.000468 0.012010
 0.745000 0.000473 0.007769
 0.745500 0.000475 0.002892
 0.746000 0.000475 -0.002450
 0.746500 0.000473 -0.008131
 0.747000 0.000467 -0.013997
 0.747500 0.000458 -0.019875
 0.748000 0.000447 -0.025732
 0.748500 0.000433 -0.031266
 0.749000 0.000416 -0.036358
 0.749500 0.000396 -0.040840
 0.750000 0.000375 -0.044632
 0.750500 0.000352 -0.047615
 0.751000 0.000328 -0.049749
 0.751500 0.000302 -0.051033
 0.752000 0.000277 -0.051435
 0.752500 0.000251 -0.051033
 0.753000 0.000226 -0.049857
 0.753500 0.000201 -0.048008
 0.754000 0.000178 -0.045611
 0.754500 0.000156 -0.042740
 0.755000 0.000135 -0.039534
 0.755500 0.000116 -0.036127
 0.756000 0.000099 -0.032607
 0.756500 0.000083 -0.029046
 0.757000 0.000070 -0.025597
 0.757500 0.000058 -0.022276
 0.758000 0.000047 -0.019165
 0.758500 0.000039 -0.016314
 0.759000 0.000031 -0.013714
 0.759500 0.000025 -0.011401
 0.760000 0.000020 -0.009385
 0.760500 0.000015 -0.007613
 0.761000 0.000012 -0.006132
 0.761500 0.000009 -0.004855
 0.762000 0.000007 -0.003828
 0.762500 0.000005 -0.002955
 0.763000 0.000004 -0.002282
 0.763500 0.000003 -0.001713
 0.764000 0.000002 -0.001279
 0.764500 0.000001 -0.000944
 0.765000 0.000001 -0.000670
 0.765500 0.000001 -0.000461
 0.766000 0.000000 -0.000289
 0.766500 0.000000 -0.000120
 0.767000 0.000000 0.000000
 0.767500 0.000000 0.000000
 0.768000 0.000000 0.000000
 0.768500 0.000000 0.000000
 0.769000 0.000000 0.000000
 0.769500 0.000000 0.000000
 0.770000 0.000000 0.000000
 0.770500 0.000000 0.000000
 0.771000 0.000000 0.000000
 0.771500 0.000000 0.000000
 0.772000 0.000000 0.000000
 0.772500 0.000000 0.000000
 0.773000 0.000000 0.000000
 0.773500 0.000000 0.000000
 0.774000 0.000000 0.000000
 0.774500 0.000000 0.000000
 0.775000 0.000000 0.000000
 0.775500 0.000000 0.000000
 0.776000 0.000000 0.000000
 0.776500 0.000000 0.000000
 0.777000 0.000000 0.000000
 0.777500 0.000000 0.000000
 0.778000 0.000000 0.000000
 0.778500 0.000000 0.000000
 0.779000 0.000000 0.000000
 0.779500 0.000000 0.000000
 0.780000 0.000000 0.000000
 0.780500 0.000000 0.000000
 0.781000 0.000000 0.000000
 0.781500 0.000000 0.000000
 0.782000 0.000000 0.000000
 0.782500 0.000000 0.000000
 0.783000 0.000000 0.000000
 0.783500 0.000000 0.000000
 0.784000 0.000000 0.000000
 0.784500 0.000000 0.000000
 0.785000 0.000000 0.000000
 0.785500 0.000000 0.000000
 0.786000 0.000000 0.000000
 0.786500 0.000000 0.000000
 0.787000 0.000000 0.000000
 0.787500 0.000000 0.000000
 0.788000 0.000000 0.000000
 0.788500 0.000000 0.000000
 0.789000 0.000000 0.000000
 0.789500 0.000000 0.000000
 0.790000 0.000000 0.000000
 0.790500 0.000000 0.000000
 0.791000 0.000000 0.000000
 0.791500 0.000000 0.000000
 0.792000 0.000000 0.000000
 0.792500 0.000000 0.000000
 0.793000 0.000000 0.000000
 0.793500 0.000000 0.000000
 0.794000 0.000000 0.000000
 0.794500 0.000000 0.000000
 0.795000 0.000000 0.000000
 0.795500 0.000000 0.000000
 0.796000 0.000000 0.000000
 0.796500 0.000000 0.000000
 0.797000 0.000000 0.000000
 0.797500 0.000000 0.000000
 0.798000 0.000000 0.000000
 0.798500 0.000000 0.000000
 0.799000 0.000000 0.000000
 0.799500 0.000000 0.000000
 0.800000 0.000000 0.000000
 0.800500 0.000000 0.000000
 0.801000 0.000000 0.000000
 0.801500 0.000000 0.000000
 0.802000 0.000000 0.000000
 0.802500 0.000000 0.000000
 0.803000 0.000000 0.000000
 0.803500 0.000000 0.000000
 0.804000 0.000000 0.000000
 0.804500 0.000000 0.000000
 0.805000 0.000000 0.000000
 0.805500 0.000000 0.000000
 0.806000 0.000000 0.000000
 0.806500 0.000000 0.000000
 0.807000 0.000000 0.000000
 0.807500 0.000000 0.000000
 0.808000 0.000000 0.000000
 0.808500 0.000000 0.000000
 0.809000 0.000000 0.000000
 0.809500 0.000000 0.000000
 0.810000 0.000000 0.000000
 0.810500 0.000000 0.000000
 0.811000 0.000000 0.000000
 0.811500 0.000000 0.000000
 0.812000 0.000000 0.000000
 0.812500 0.000000 0.000000
 0.813000 0.000000 0.000000
 0.813500 0.000000 0.000000
 0.814000 0.000000 0.000000
 0.814500 0.000000 0.000000
 0.815000 0.000000 0.000000
 0.815500 0.000000 0.000000
 0.816000 0.000000 0.000000
 0.816500 0.000000 0.000000
 0.817000 0.000000 0.000000
 0.817500 0.000000 0.000000
 0.818000 0.000000 0.000000
 0.818500 0.000000 0.000000
 0.819000 0.000000 0.000000
 0.819500 0.000000 0.000000
 0.820000 0.000000 0.000000
 0.820500 0.000000 0.000000
 0.821000 0.000000 0.000000
 0.821500 0.000000 0.000000
 0.822000 0.000000 0.000000
 0.822500 0.000000 0.000000
 0.823000 0.000000 0.000000
 0.823500 0.000000 0.000000
 0.824000 0.000000 0.000000
 0.824500 0.000000 0.000000
 0.825000 0.000000 0.000000
 0.825500 0.000000 0.000000
 0.826000 0.000000 0.000000
 0.826500 0.000000 0.000000
 0.827000 0.000000 0.000000
 0.827500 0.000000 0.000000
 0.828000 0.000000 0.000000
 0.828500 0.000000 0.000000
 0.829000 0.000000 0.000000
 0.829500 0.000000 0.000000
 0.830000 0.000000 0.000000
 0.830500 0.000000 0.000000
 0.831000 0.000000 0.000000
 0.831500 0.000000 0.000000
 0.832000 0.000000 0.000000
 0.832500 0.000000 0.000000
 0.833000 0.000000 0.000000
 0.833500 0.000000 0.000000
 0.834000 0.000000 0.000000
 0.834500 0.000000 0.000000
 0.835000 0.000000 0.000000
 0.835500 0.000000 0.000000
 0.836000 0.000000 0.000000
 0.836500 0.000000 0.000000
 0.837000 0.000000 0.000000
 0.837500 0.000000 0.000000
 0.838000 0.000000 0.000000
 0.838500 0.000000 0.000000
 0.839000 0.000000 0.000000
 0.839500 0.000000 0.000000
 0.840000 0.000000 0.000000
 0.840500 0.000000 0.000000
 0.841000 0.000000 0.000000
 0.841500 0.000000 0.000000
 0.842000 0.000000 0.000000
 0.842500 0.000000 0.000000
 0.843000 0.000000 0.000000
 0.843500 0.000000 0.000000
 0.844000 0.000000 0.000000
 0.844500 0.000000 0.000000
 0.845000 0.000000 0.000000
 0.845500 0.000000 0.000000
 0.846000 0.000000 0.000000
 0.846500 0.000000 0.000000
 0.847000 0.000000 0.000000
 0.847500 0.000000 0.000000
 0.848000 0.000000 0.000000
 0.848500 0.000000 0.000000
 0.849000 0.000000 0.000000
 0.849500 0.000000 0.000000
 0.850000 0.000000 0.000000
 0.850500 0.000000 0.000000
 0.851000 0.000000 0.000000
 0.851500 0.000000 0.000000
 0.852000 0.000000 0.000000
 0.852500 0.000000 0.000000
 0.853000 0.000000 0.000000
 0.853500 0.000000 0.000000
 0.854000 0.000000 0.000000
 0.854500 0.000000 0.000000
 0.855000 0.000000 0.000000
 0.855500 0.000000 0.000000
 0.856000 0.000000 0.000000
 0.856500 0.000000 0.000000
 0.857000 0.000000 0.000000
 0.857500 0.000000 0.000000
 0.858000 0.000000 0.000000
 0.858500 0.000000 0.000000
 0.859000 0.000000 0.000000
 0.859500 0.000000 0.000000
 0.860000 0.000000 0.000000
 0.860500 0.000000 0.000000
 0.861000 0.000000 0.000000
 0.861500 0.000000 0.000000
 0.862000 0.000000 0.000000
 0.862500 0.000000 0.000000
 0.863000 0.000000 0.000000
 0.863500 0.000000 0.000000
 0.864000 0.000000 0.000000
 0.864500 0.000000 0.000000
 0.865000 0.000000 0.000000
 0.865500 0.000000 0.000000
 0.866000 0.000000 0.000000
 0.866500 0.000000 0.000000
 0.867000 0.000000 0.000000
 0.867500 0.000000 0.000000
 0.868000 0.000000 0.000000
 0.868500 0.000000 0.000000
 0.869000 0.000000 0.000000
 0.869500 0.000000 0.000000
 0.870000 0.000000 0.000000
 0.870500 0.000000 0.000000
 0.871000 0.000000 0.000000
 0.871500 0.000000 0.000000
 0.872000 0.000000 0.000000
 0.872500 0.000000 0.000000
 0.873000 0.000000 0.000000
 0.873500 0.000000 0.000000
 0.874000 0.000000 0.000000
 0.874500 0.000000 0.000000
 0.875000 0.000000 0.000000
 0.875500 0.000000 0.000000
 0.876000 0.000000 0.000000
 0.876500 0.000000 0.000000
 0.877000 0.000000 0.000000
 0.877500 0.000000 0.000000
 0.878000 0.000000 0.000000
 0.878500 0.000000 0.000000
 0.879000 0.000000 0.000000
 0.879500 0.000000 0.000000
 0.880000 0.000000 0.000000
 0.880500 0.000000 0.000000
 0.881000 0.000000 0.000000
 0.881500 0.000000 0.000000
 0.882000 0.000000 0.000000
 0.882500 0.000000 0.000000
 0.883000 0.000000 0.000000
 0.883500 0.000000 0.000000
 0.884000 0.000000 0.000000
 0.884500 0.000000 0.000000
 0.885000 0.000000 0.000000
 0.885500 0.000000 0.000000
 0.886000 0.000000 0.000000
 0.886500 0.000000 0.000000
 0.887000 0.000000 0.000000
 0.887500 0.000000 0.000000
 0.888000 0.000000 0.000000
 0.888500 0.000000 0.000000
 0.889000 0.000000 0.000000
 0.889500 0.000000 0.000000
 0.890000 0.000000 0.000000
 0.890500 0.000000 0.000000
 0.891000 0.000000 0.000000
 0.891500 0.000000 0.000000
 0.892000 0.000000 0.000000
 0.892500 0.000000 0.000000
 0.893000 0.000000 0.000000
 0.893500 0.000000 0.000000
 0.894000 0.000000 0.000000
 0.894500 0.000000 0.000000
 0.895000 0.000000 0.000000
 0.895500 0.000000 0.000000
 0.896000 0.000000 0.000000
 0.896500 0.000000 0.000000
 0.897000 0.000000 0.000000
 0.897500 0.000000 0.000000
 0.898000 0.000000 0.000000
 0.898500 0.000000 0.000000
 0.899000 0.000000 0.000000
 0.899500 0.000000 0.000000
 0.900000 0.000000 0.000000
 0.900500 0.000000 0.000000
 0.901000 0.000000 0.000000
 0.901500 0.000000 0.000000
 0.902000 0.000000 0.000000
 0.902500 0.000000 0.000000
 0.903000 0.000000 0.000000
 0.903500 0.000000 0.000000
 0.904000 0.000000 0.000000
 0.904500 0.000000 0.000000
 0.905000 0.000000 0.000000
 0.905500 0.000000 0.000000
 0.906000 0.000000 0.000000
 0.906500 0.000000 0.000000
 0.907000 0.000000 0.000000
 0.907500 0.000000 0.000000
 0.908000 0.000000 0.000000
 0.908500 0.000000 0.000000
 0.909000 0.000000 0.000000
 0.909500 0.000000 0.000000
 0.910000 0.000000 0.000000
 0.910500 0.000000 0.000000
 0.911000 0.000000 0.000000
 0.911500 0.000000 0.000000
 0.912000 0.000000 0.000000
 0.912500 0.000000 0.000000
 0.913000 0.000000 0.000000
 0.913500 0.000000 0.000000
 0.914000 0.000000 0.000000
 0.914500 0.000000 0.000000
 0.915000 0.000000 0.000000
 0.915500 0.000000 0.000000
 0.916000 0.000000 0.000000
 0.916500 0.000000 0.000000
 0.917000 0.000000 0.000000
 0.917500 0.000000 0.000000
 0.918000 0.000000 0.000000
 0.918500 0.000000 0.000000
 0.919000 0.000000 0.000000
 0.919500 0.000000 0.000000
 0.920000 0.000000 0.000000
 0.920500 0.000000 0.000000
 0.921000 0.000000 0.000000
 0.921500 0.000000 0.000000
 0.922000 0.000000 0.000000
 0.922500 0.000000 0.000000
 0.923000 0.000000 0.000000
 0.923500 0.000000 0.000000
 0.924000 0.000000 0.000000
 0.924500 0.000000 0.000000
 0.925000 0.000000 0.000000
 0.925500 0.000000 0.000000
 0.926000 0.000000 0.000000
 0.926500 0.000000 0.000000
 0.927000 0.000000 0.000000
 0.927500 0.000000 0.000000
 0.928000 0.000000 0.000000
 0.928500 0.000000 0.000000
 0.929000 0.000000 0.000000
 0.929500 0.000000 0.000000
 0.930000 0.000000 0.000000
 0.930500 0.000000 0.000000
 0.931000 0.000000 0.000000
 0.931500 0.000000 0.000000
 0.932000 0.000000 0.000000
 0.932500 0.000000 0.000000
 0.933000 0.000000 0.000000
 0.933500 0.000000 0.000000
 0.934000 0.000000 0.000000
 0.934500 0.000000 0.000000
 0.935000 0.000000 0.000000
 0.935500 0.000000 0.000000
 0.936000 0.000000 0.000000
 0.936500 0.000000 0.000000
 0.937000 0.000000 0.000000
 0.937500 0.000000 0.000000
 0.938000 0.000000 0.000000
 0.938500 0.000000 0.000000
 0.939000 0.000000 0.000000
 0.939500 0.000000 0.000000
 0.940000 0.000000 0.000000
 0.940500 0.000000 0.000000
 0.941000 0.000000 0.000000
 0.941500 0.000000 0.000000
 0.942000 0.000000 0.000000
 0.942500 0.000000 0.000000
 0.943000 0.000000 0.000000
 0.943500 0.000000 0.000000
 0.944000 0.000000 0.000000
 0.944500 0.000000 0.000000
 0.945000 0.000000 0.000000
 0.945500 0.000000 0.000000
 0.946000 0.000000 0.000000
 0.946500 0.000000 0.000000
 0.947000 0.000000 0.000000
 0.947500 0.000000 0.000000
 0.948000 0.000000 0.000000
 0.948500 0.000000 0.000000
 0.949000 0.000000 0.000000
 0.949500 0.000000 0.000000
 0.950000 0.000000 0.000000
 0.950500 0.000000 0.000000
 0.951000 0.000000 0.000000
 0.951500 0.000000 0.000000
 0.952000 0.000000 0.000000
 0.952500 0.000000 0.000000
 0.953000 0.000000 0.000000
 0.953500 0.000000 0.000000
 0.954000 0.000000 0.000000
 0.954500 0.000000 0.000000
 0.955000 0.000000 0.000000
 0.955500 0.000000 0.000000
 0.956000 0.000000 0.000000
 0.956500 0.000000 0.000000
 0.957000 0.000000 0.000000
 0.957500 0.000000 0.000000
 0.958000 0.000000 0.000000
 0.958500 0.000000 0.000000
 0.959000 0.000000 0.000000
 0.959500 0.000000 0.000000
 0.960000 0.000000 0.000000
 0.960500 0.000000 0.000000
 0.961000 0.000000 0.000000
 0.961500 0.000000 0.000000
 0.962000 0.000000 0.000000
 0.962500 0.000000 0.000000
 0.963000 0.000000 0.000000
 0.963500 0.000000 0.000000
 0.964000 0.000000 0.000000
 0.964500 0.000000 0.000000
 0.965000 0.000000 0.000000
 0.965500 0.000000 0.000000
 0.966000 0.000000 0.000000
 0.966500 0.000000 0.000000
 0.967000 0.000000 0.000000
 0.967500 0.000000 0.000000
 0.968000 0.000000 0.000000
 0.968500 0.000000 0.000000
 0.969000 0.000000 0.000000
 0.969500 0.000000 0.000000
 0.970000 0.000000 0.000000
 0.970500 0.000000 0.000000
 0.971000 0.000000 0.000000
 0.971500 0.000000 0.000000
 0.972000 0.000000 0.000000
 0.972500 0.000000 0.000000
 0.973000 0.000000 0.000000
 0.973500 0.000000 0.000000
 0.974000 0.000000 0.000000
 0.974500 0.000000 0.000000
 0.975000 0.000000 0.000000
 0.975500 0.000000 0.000000
 0.976000 0.000000 0.000000
 0.976500 0.000000 0.000000
 0.977000 0.000000 0.000000
 0.977500 0.000000 0.000000
 0.978000 0.000000 0.000000
 0.978500 0.000000 0.000000
 0.979000 0.000000 0.000000
 0.979500 0.000000 0.000000
 0.980000 0.000000 0.000000
 0.980500 0.000000 0.000000
 0.981000 0.000000 0.000000
 0.981500 0.000000 0.000000
 0.982000 0.000000 0.000000
 0.982500 0.000000 0.000000
 0.983000 0.000000 0.000000
 0.983500 0.000000 0.000000
 0.984000 0.000000 0.000000
 0.984500 0.000000 0.000000
 0.985000 0.000000 0.000000
 0.985500 0.000000 0.000000
 0.986000 0.000000 0.000000
 0.986500 0.000000 0.000000
 0.987000 0.000000 0.000000
 0.987500 0.000000 0.000000
 0.988000 0.000000 0.000000
 0.988500 0.000000 0.000000
 0.989000 0.000000 0.000000
 0.989500 0.000000 0.000000
 0.990000 0.000000 0.000000
 0.990500 0.000000 0.000000
 0.991000 0.000000 0.000000
 0.991500 0.000000 0.000000
 0.992000 0.000000 0.000000
 0.992500 0.000000 0.000000
 0.993000 0.000000 0.000000
 0.993500 0.000000 0.000000
 0.994000 0.000000 0.000000
 0.994500 0.000000 0.000000
 0.995000 0.000000 0.000000
 0.995500 0.000000 0.000000
 0.996000 0.000000 0.000000
 0.996500 0.000000 0.000000
 0.997000 0.000000 0.000000
 0.997500 0.000000 0.000000
 0.998000 0.000000 0.000000
 0.998500 0.000000 0.000000
 0.999000 0.000000 0.000000
 0.999500 0.000000 0.000000
 1.000000 0.000000 0.000000
