#! FIELDS nm.mean targetdist der_nm.mean
#! SET min_nm.mean 0.0
#! SET max_nm.mean 1.0
#! SET nbins_nm.mean  2001
#! SET periodic_nm.mean false
 0.000000 0.000000 0.000000
 0.000500 0.000000 0.000000
 0.001000 0.000000 0.000000
 0.001500 0.000000 0.000000
 0.002000 0.000000 0.000000
 0.002500 0.000000 0.000000
 0.003000 0.000000 0.000000
 0.003500 0.000000 0.000000
 0.004000 0.000000 0.000000
 0.004500 0.000000 0.000000
 0.005000 0.000000 0.000000
 0.005500 0.000000 0.000000
 0.006000 0.000000 0.000000
 0.006500 0.000000 0.000000
 0.007000 0.000000 0.000000
 0.007500 0.000000 0.000000
 0.008000 0.000000 0.000000
 0.008500 0.000000 0.000000
 0.009000 0.000000 0.000000
 0.009500 0.000000 0.000000
 0.010000 0.000000 0.000000
 0.010500 0.000000 0.000000
 0.011000 0.000000 0.000000
 0.011500 0.000000 0.000000
 0.012000 0.000000 0.000000
 0.012500 0.000000 0.000000
 0.013000 0.000000 0.000000
 0.013500 0.000000 0.000000
 0.014000 0.000000 0.000000
 0.014500 0.000000 0.000000
 0.015000 0.000000 0.000000
 0.015500 0.000000 0.000000
 0.016000 0.000000 0.000000
 0.016500 0.000000 0.000000
 0.017000 0.000000 0.000000
 0.017500 0.000000 0.000000
 0.018000 0.000000 0.000000
 0.018500 0.000000 0.000000
 0.019000 0.000000 0.000000
 0.019500 0.000000 0.000000
 0.020000 0.000000 0.000000
 0.020500 0.000000 0.000000
 0.021000 0.000000 0.000000
 0.021500 0.000000 0.000000
 0.022000 0.000000 0.000000
 0.022500 0.000000 0.000000
 0.023000 0.000000 0.000000
 0.023500 0.000000 0.000000
 0.024000 0.000000 0.000000
 0.024500 0.000000 0.000000
 0.025000 0.000000 0.000000
 0.025500 0.000000 0.000000
 0.026000 0.000000 0.000000
 0.026500 0.000000 0.000000
 0.027000 0.000000 0.000000
 0.027500 0.000000 0.000000
 0.028000 0.000000 0.000000
 0.028500 0.000000 0.000000
 0.029000 0.000000 0.000000
 0.029500 0.000000 0.000000
 0.030000 0.000000 0.000000
 0.030500 0.000000 0.000000
 0.031000 0.000000 0.000000
 0.031500 0.000000 0.000000
 0.032000 0.000000 0.000000
 0.032500 0.000000 0.000000
 0.033000 0.000000 0.000000
 0.033500 0.000000 0.000000
 0.034000 0.000000 0.000000
 0.034500 0.000000 0.000000
 0.035000 0.000000 0.000000
 0.035500 0.000000 0.000000
 0.036000 0.000000 0.000000
 0.036500 0.000000 0.000000
 0.037000 0.000000 0.000000
 0.037500 0.000000 0.000000
 0.038000 0.000000 0.000000
 0.038500 0.000000 0.000000
 0.039000 0.000000 0.000000
 0.039500 0.000000 0.000000
 0.040000 0.000000 0.000000
 0.040500 0.000000 0.000000
 0.041000 0.000000 0.000000
 0.041500 0.000000 0.000000
 0.042000 0.000000 0.000000
 0.042500 0.000000 0.000000
 0.043000 0.000000 0.000000
 0.043500 0.000000 0.000000
 0.044000 0.000000 0.000000
 0.044500 0.000000 0.000000
 0.045000 0.000000 0.000000
 0.045500 0.000000 0.000000
 0.046000 0.000000 0.000000
 0.046500 0.000000 0.000000
 0.047000 0.000000 0.000000
 0.047500 0.000000 0.000000
 0.048000 0.000000 0.000000
 0.048500 0.000000 0.000000
 0.049000 0.000000 0.000000
 0.049500 0.000000 0.000000
 0.050000 0.000000 0.000000
 0.050500 0.000000 0.000000
 0.051000 0.000000 0.000000
 0.051500 0.000000 0.000000
 0.052000 0.000000 0.000000
 0.052500 0.000000 0.000000
 0.053000 0.000000 0.000000
 0.053500 0.000000 0.000000
 0.054000 0.000000 0.000000
 0.054500 0.000000 0.000000
 0.055000 0.000000 0.000000
 0.055500 0.000000 0.000000
 0.056000 0.000000 0.000000
 0.056500 0.000000 0.000000
 0.057000 0.000000 0.000000
 0.057500 0.000000 0.000000
 0.058000 0.000000 0.000000
 0.058500 0.000000 0.000000
 0.059000 0.000000 0.000000
 0.059500 0.000000 0.000000
 0.060000 0.000000 0.000000
 0.060500 0.000000 0.000000
 0.061000 0.000000 0.000000
 0.061500 0.000000 0.000000
 0.062000 0.000000 0.000000
 0.062500 0.000000 0.000000
 0.063000 0.000000 0.000000
 0.063500 0.000000 0.000000
 0.064000 0.000000 0.000000
 0.064500 0.000000 0.000000
 0.065000 0.000000 0.000000
 0.065500 0.000000 0.000000
 0.066000 0.000000 0.000000
 0.066500 0.000000 0.000000
 0.067000 0.000000 0.000000
 0.067500 0.000000 0.000000
 0.068000 0.000000 0.000000
 0.068500 0.000000 0.000000
 0.069000 0.000000 0.000000
 0.069500 0.000000 0.000000
 0.070000 0.000000 0.000000
 0.070500 0.000000 0.000000
 0.071000 0.000000 0.000000
 0.071500 0.000000 0.000000
 0.072000 0.000000 0.000000
 0.072500 0.000000 0.000000
 0.073000 0.000000 0.000000
 0.073500 0.000000 0.000000
 0.074000 0.000000 0.000000
 0.074500 0.000000 0.000000
 0.075000 0.000000 0.000000
 0.075500 0.000000 0.000000
 0.076000 0.000000 0.000000
 0.076500 0.000000 0.000000
 0.077000 0.000000 0.000000
 0.077500 0.000000 0.000000
 0.078000 0.000000 0.000000
 0.078500 0.000000 0.000000
 0.079000 0.000000 0.000000
 0.079500 0.000000 0.000000
 0.080000 0.000000 0.000000
 0.080500 0.000000 0.000000
 0.081000 0.000000 0.000000
 0.081500 0.000000 0.000000
 0.082000 0.000000 0.000000
 0.082500 0.000000 0.000000
 0.083000 0.000000 0.000000
 0.083500 0.000000 0.000000
 0.084000 0.000000 0.000000
 0.084500 0.000000 0.000000
 0.085000 0.000000 0.000000
 0.085500 0.000000 0.000000
 0.086000 0.000000 0.000000
 0.086500 0.000000 0.000000
 0.087000 0.000000 0.000000
 0.087500 0.000000 0.000000
 0.088000 0.000000 0.000000
 0.088500 0.000000 0.000000
 0.089000 0.000000 0.000000
 0.089500 0.000000 0.000000
 0.090000 0.000000 0.000000
 0.090500 0.000000 0.000000
 0.091000 0.000000 0.000000
 0.091500 0.000000 0.000000
 0.092000 0.000000 0.000000
 0.092500 0.000000 0.000000
 0.093000 0.000000 0.000000
 0.093500 0.000000 0.000000
 0.094000 0.000000 0.000000
 0.094500 0.000000 0.000000
 0.095000 0.000000 0.000000
 0.095500 0.000000 0.000000
 0.096000 0.000000 0.000000
 0.096500 0.000000 0.000000
 0.097000 0.000000 0.000000
 0.097500 0.000000 0.000000
 0.098000 0.000000 0.000000
 0.098500 0.000000 0.000000
 0.099000 0.000000 0.000000
 0.099500 0.000000 0.000000
 0.100000 0.000000 0.000000
 0.100500 0.000000 0.000000
 0.101000 0.000000 0.000000
 0.101500 0.000000 0.000000
 0.102000 0.000000 0.000000
 0.102500 0.000000 0.000000
 0.103000 0.000000 0.000000
 0.103500 0.000000 0.000000
 0.104000 0.000000 0.000000
 0.104500 0.000000 0.000000
 0.105000 0.000000 0.000000
 0.105500 0.000000 0.000000
 0.106000 0.000000 0.000000
 0.106500 0.000000 0.000000
 0.107000 0.000000 0.000000
 0.107500 0.000000 0.000000
 0.108000 0.000000 0.000000
 0.108500 0.000000 0.000000
 0.109000 0.000000 0.000000
 0.109500 0.000000 0.000000
 0.110000 0.000000 0.000000
 0.110500 0.000000 0.000000
 0.111000 0.000000 0.000000
 0.111500 0.000000 0.000000
 0.112000 0.000000 0.000000
 0.112500 0.000000 0.000000
 0.113000 0.000000 0.000000
 0.113500 0.000000 0.000000
 0.114000 0.000000 0.000000
 0.114500 0.000000 0.000000
 0.115000 0.000000 0.000000
 0.115500 0.000000 0.000000
 0.116000 0.000000 0.000000
 0.116500 0.000000 0.000000
 0.117000 0.000000 0.000000
 0.117500 0.000000 0.000000
 0.118000 0.000000 0.000000
 0.118500 0.000000 0.000000
 0.119000 0.000000 0.000000
 0.119500 0.000000 0.000000
 0.120000 0.000000 0.000000
 0.120500 0.000000 0.000000
 0.121000 0.000000 0.000000
 0.121500 0.000000 0.000000
 0.122000 0.000000 0.000000
 0.122500 0.000000 0.000000
 0.123000 0.000000 0.000000
 0.123500 0.000000 0.000000
 0.124000 0.000000 0.000000
 0.124500 0.000000 0.000000
 0.125000 0.000000 0.000000
 0.125500 0.000000 0.000000
 0.126000 0.000000 0.000000
 0.126500 0.000000 0.000000
 0.127000 0.000000 0.000000
 0.127500 0.000000 0.000000
 0.128000 0.000000 0.000000
 0.128500 0.000000 0.000000
 0.129000 0.000000 0.000000
 0.129500 0.000000 0.000000
 0.130000 0.000000 0.000000
 0.130500 0.000000 0.000000
 0.131000 0.000000 0.000000
 0.131500 0.000000 0.000000
 0.132000 0.000000 0.000000
 0.132500 0.000000 0.000000
 0.133000 0.000000 0.000000
 0.133500 0.000000 0.000000
 0.134000 0.000000 0.000000
 0.134500 0.000000 0.000000
 0.135000 0.000000 0.000000
 0.135500 0.000000 0.000000
 0.136000 0.000000 0.000000
 0.136500 0.000000 0.000000
 0.137000 0.000000 0.000000
 0.137500 0.000000 0.000000
 0.138000 0.000000 0.000000
 0.138500 0.000000 0.000000
 0.139000 0.000000 0.000000
 0.139500 0.000000 0.000000
 0.140000 0.000000 0.000000
 0.140500 0.000000 0.000000
 0.141000 0.000000 0.000000
 0.141500 0.000000 0.000000
 0.142000 0.000000 0.000000
 0.142500 0.000000 0.000000
 0.143000 0.000000 0.000000
 0.143500 0.000000 0.000000
 0.144000 0.000000 0.000000
 0.144500 0.000000 0.000000
 0.145000 0.000000 0.000000
 0.145500 0.000000 0.000000
 0.146000 0.000000 0.000000
 0.146500 0.000000 0.000000
 0.147000 0.000000 0.000000
 0.147500 0.000000 0.000000
 0.148000 0.000000 0.000000
 0.148500 0.000000 0.000000
 0.149000 0.000000 0.000000
 0.149500 0.000000 0.000000
 0.150000 0.000000 0.000000
 0.150500 0.000000 0.000000
 0.151000 0.000000 0.000000
 0.151500 0.000000 0.000000
 0.152000 0.000000 0.000000
 0.152500 0.000000 0.000000
 0.153000 0.000000 0.000000
 0.153500 0.000000 0.000000
 0.154000 0.000000 0.000000
 0.154500 0.000000 0.000000
 0.155000 0.000000 0.000000
 0.155500 0.000000 0.000000
 0.156000 0.000000 0.000000
 0.156500 0.000000 0.000000
 0.157000 0.000000 0.000000
 0.157500 0.000000 0.000000
 0.158000 0.000000 0.000000
 0.158500 0.000000 0.000000
 0.159000 0.000000 0.000000
 0.159500 0.000000 0.000000
 0.160000 0.000000 0.000000
 0.160500 0.000000 0.000000
 0.161000 0.000000 0.000000
 0.161500 0.000000 0.000000
 0.162000 0.000000 0.000000
 0.162500 0.000000 0.000000
 0.163000 0.000000 0.000000
 0.163500 0.000000 0.000000
 0.164000 0.000000 0.000000
 0.164500 0.000000 0.000000
 0.165000 0.000000 0.000000
 0.165500 0.000000 0.000000
 0.166000 0.000000 0.000000
 0.166500 0.000000 0.000000
 0.167000 0.000000 0.000000
 0.167500 0.000000 0.000000
 0.168000 0.000000 0.000000
 0.168500 0.000000 0.000000
 0.169000 0.000000 0.000000
 0.169500 0.000000 0.000000
 0.170000 0.000000 0.000000
 0.170500 0.000000 0.000000
 0.171000 0.000000 0.000000
 0.171500 0.000000 0.000000
 0.172000 0.000000 0.000000
 0.172500 0.000000 0.000000
 0.173000 0.000000 0.000000
 0.173500 0.000000 0.000000
 0.174000 0.000000 0.000000
 0.174500 0.000000 0.000000
 0.175000 0.000000 0.000000
 0.175500 0.000000 0.000000
 0.176000 0.000000 0.000000
 0.176500 0.000000 0.000000
 0.177000 0.000000 0.000000
 0.177500 0.000000 0.000000
 0.178000 0.000000 0.000000
 0.178500 0.000000 0.000000
 0.179000 0.000000 0.000000
 0.179500 0.000000 0.000000
 0.180000 0.000000 0.000000
 0.180500 0.000000 0.000000
 0.181000 0.000000 0.000000
 0.181500 0.000000 0.000000
 0.182000 0.000000 0.000000
 0.182500 0.000000 0.000000
 0.183000 0.000000 0.000000
 0.183500 0.000000 0.000000
 0.184000 0.000000 0.000000
 0.184500 0.000000 0.000000
 0.185000 0.000000 0.000000
 0.185500 0.000000 0.000000
 0.186000 0.000000 0.000000
 0.186500 0.000000 0.000000
 0.187000 0.000000 0.000000
 0.187500 0.000000 0.000000
 0.188000 0.000000 0.000000
 0.188500 0.000000 0.000000
 0.189000 0.000000 0.000000
 0.189500 0.000000 0.000000
 0.190000 0.000000 0.000000
 0.190500 0.000000 0.000000
 0.191000 0.000000 0.000000
 0.191500 0.000000 0.000000
 0.192000 0.000000 0.000000
 0.192500 0.000000 0.000000
 0.193000 0.000000 0.000000
 0.193500 0.000000 0.000000
 0.194000 0.000000 0.000000
 0.194500 0.000000 0.000000
 0.195000 0.000000 0.000000
 0.195500 0.000000 0.000000
 0.196000 0.000000 0.000000
 0.196500 0.000000 0.000000
 0.197000 0.000000 0.000000
 0.197500 0.000000 0.000000
 0.198000 0.000000 0.000000
 0.198500 0.000000 0.000000
 0.199000 0.000000 0.000000
 0.199500 0.000000 0.000000
 0.200000 0.000000 0.000000
 0.200500 0.000000 0.000000
 0.201000 0.000000 0.000000
 0.201500 0.000000 0.000000
 0.202000 0.000000 0.000000
 0.202500 0.000000 0.000000
 0.203000 0.000000 0.000000
 0.203500 0.000000 0.000000
 0.204000 0.000000 0.000000
 0.204500 0.000000 0.000000
 0.205000 0.000000 0.000000
 0.205500 0.000000 0.000000
 0.206000 0.000000 0.000000
 0.206500 0.000000 0.000000
 0.207000 0.000000 0.000000
 0.207500 0.000000 0.000000
 0.208000 0.000000 0.000000
 0.208500 0.000000 0.000000
 0.209000 0.000000 0.000000
 0.209500 0.000000 0.000000
 0.210000 0.000000 0.000000
 0.210500 0.000000 0.000000
 0.211000 0.000000 0.000000
 0.211500 0.000000 0.000000
 0.212000 0.000000 0.000000
 0.212500 0.000000 0.000000
 0.213000 0.000000 0.000000
 0.213500 0.000000 0.000000
 0.214000 0.000000 0.000000
 0.214500 0.000000 0.000000
 0.215000 0.000000 0.000000
 0.215500 0.000000 0.000000
 0.216000 0.000000 0.000000
 0.216500 0.000000 0.000000
 0.217000 0.000000 0.000000
 0.217500 0.000000 0.000000
 0.218000 0.000000 0.000000
 0.218500 0.000000 0.000000
 0.219000 0.000000 0.000000
 0.219500 0.000000 0.000000
 0.220000 0.000000 0.000000
 0.220500 0.000000 0.000000
 0.221000 0.000000 0.000000
 0.221500 0.000000 0.000000
 0.222000 0.000000 0.000000
 0.222500 0.000000 0.000000
 0.223000 0.000000 0.000000
 0.223500 0.000000 0.000000
 0.224000 0.000000 0.000000
 0.224500 0.000000 0.000000
 0.225000 0.000000 0.000000
 0.225500 0.000000 0.000000
 0.226000 0.000000 0.000000
 0.226500 0.000000 0.000000
 0.227000 0.000000 0.000000
 0.227500 0.000000 0.000000
 0.228000 0.000000 0.000000
 0.228500 0.000000 0.000000
 0.229000 0.000000 0.000000
 0.229500 0.000000 0.000000
 0.230000 0.000000 0.000000
 0.230500 0.000000 0.000000
 0.231000 0.000000 0.000000
 0.231500 0.000000 0.000000
 0.232000 0.000000 0.000000
 0.232500 0.000000 0.000000
 0.233000 0.000000 0.000000
 0.233500 0.000000 0.000000
 0.234000 0.000000 0.000000
 0.234500 0.000000 0.000000
 0.235000 0.000000 0.000000
 0.235500 0.000000 0.000000
 0.236000 0.000000 0.000000
 0.236500 0.000000 0.000000
 0.237000 0.000000 0.000000
 0.237500 0.000000 0.000000
 0.238000 0.000000 0.000000
 0.238500 0.000000 0.000000
 0.239000 0.000000 0.000000
 0.239500 0.000000 0.000000
 0.240000 0.000000 0.000000
 0.240500 0.000000 0.000000
 0.241000 0.000000 0.000000
 0.241500 0.000000 0.000000
 0.242000 0.000000 0.000000
 0.242500 0.000000 0.000000
 0.243000 0.000000 0.000000
 0.243500 0.000000 0.000000
 0.244000 0.000000 0.000000
 0.244500 0.000000 0.000000
 0.245000 0.000000 0.000000
 0.245500 0.000000 0.000000
 0.246000 0.000000 0.000000
 0.246500 0.000000 0.000000
 0.247000 0.000000 0.000000
 0.247500 0.000000 0.000000
 0.248000 0.000000 0.000000
 0.248500 0.000000 0.000000
 0.249000 0.000000 0.000000
 0.249500 0.000000 0.000000
 0.250000 0.000000 0.000000
 0.250500 0.000000 0.000000
 0.251000 0.000000 0.000000
 0.251500 0.000000 0.000000
 0.252000 0.000000 0.000000
 0.252500 0.000000 0.000000
 0.253000 0.000000 0.000000
 0.253500 0.000000 0.000000
 0.254000 0.000000 0.000000
 0.254500 0.000000 0.000000
 0.255000 0.000000 0.000000
 0.255500 0.000000 0.000000
 0.256000 0.000000 0.000000
 0.256500 0.000000 0.000000
 0.257000 0.000000 0.000000
 0.257500 0.000000 0.000000
 0.258000 0.000000 0.000000
 0.258500 0.000000 0.000000
 0.259000 0.000000 0.000000
 0.259500 0.000000 0.000000
 0.260000 0.000000 0.000000
 0.260500 0.000000 0.000000
 0.261000 0.000000 0.000000
 0.261500 0.000000 0.000000
 0.262000 0.000000 0.000000
 0.262500 0.000000 0.000000
 0.263000 0.000000 0.000000
 0.263500 0.000000 0.000000
 0.264000 0.000000 0.000000
 0.264500 0.000000 0.000000
 0.265000 0.000000 0.000000
 0.265500 0.000000 0.000000
 0.266000 0.000000 0.000000
 0.266500 0.000000 0.000000
 0.267000 0.000000 0.000000
 0.267500 0.000000 0.000000
 0.268000 0.000000 0.000000
 0.268500 0.000000 0.000000
 0.269000 0.000000 0.000000
 0.269500 0.000000 0.000000
 0.270000 0.000000 0.000000
 0.270500 0.000000 0.000000
 0.271000 0.000000 0.000000
 0.271500 0.000000 0.000000
 0.272000 0.000000 0.000000
 0.272500 0.000000 0.000000
 0.273000 0.000000 0.000000
 0.273500 0.000000 0.000000
 0.274000 0.000000 0.000000
 0.274500 0.000000 0.000000
 0.275000 0.000000 0.000000
 0.275500 0.000000 0.000000
 0.276000 0.000000 0.000000
 0.276500 0.000000 0.000000
 0.277000 0.000000 0.000000
 0.277500 0.000000 0.000000
 0.278000 0.000000 0.000000
 0.278500 0.000000 0.000000
 0.279000 0.000000 0.000000
 0.279500 0.000000 0.000000
 0.280000 0.000000 0.000000
 0.280500 0.000000 0.000000
 0.281000 0.000000 0.000000
 0.281500 0.000000 0.000000
 0.282000 0.000000 0.000000
 0.282500 0.000000 0.000000
 0.283000 0.000000 0.000000
 0.283500 0.000000 0.000000
 0.284000 0.000000 0.000000
 0.284500 0.000000 0.000000
 0.285000 0.000000 0.000000
 0.285500 0.000000 0.000000
 0.286000 0.000000 0.000000
 0.286500 0.000000 0.000000
 0.287000 0.000000 0.000000
 0.287500 0.000000 0.000000
 0.288000 0.000000 0.000000
 0.288500 0.000000 0.000000
 0.289000 0.000000 0.000000
 0.289500 0.000000 0.000000
 0.290000 0.000000 0.000000
 0.290500 0.000000 0.000000
 0.291000 0.000000 0.000000
 0.291500 0.000000 0.000000
 0.292000 0.000000 0.000000
 0.292500 0.000000 0.000000
 0.293000 0.000000 0.000000
 0.293500 0.000000 0.000000
 0.294000 0.000000 0.000000
 0.294500 0.000000 0.000000
 0.295000 0.000000 0.000000
 0.295500 0.000000 0.000000
 0.296000 0.000000 0.000000
 0.296500 0.000000 0.000000
 0.297000 0.000000 0.000000
 0.297500 0.000000 0.000000
 0.298000 0.000000 0.000000
 0.298500 0.000000 0.000000
 0.299000 0.000000 0.000000
 0.299500 0.000000 0.000000
 0.300000 0.000000 0.000000
 0.300500 0.000000 0.000000
 0.301000 0.000000 0.000000
 0.301500 0.000000 0.000000
 0.302000 0.000000 0.000000
 0.302500 0.000000 0.000000
 0.303000 0.000000 0.000000
 0.303500 0.000000 0.000000
 0.304000 0.000000 0.000000
 0.304500 0.000000 0.000000
 0.305000 0.000000 0.000000
 0.305500 0.000000 0.000000
 0.306000 0.000000 0.000000
 0.306500 0.000000 0.000000
 0.307000 0.000000 0.000000
 0.307500 0.000000 0.000000
 0.308000 0.000000 0.000000
 0.308500 0.000000 0.000000
 0.309000 0.000000 0.000000
 0.309500 0.000000 0.000000
 0.310000 0.000000 0.000000
 0.310500 0.000000 0.000000
 0.311000 0.000000 0.000000
 0.311500 0.000000 0.000000
 0.312000 0.000000 0.000000
 0.312500 0.000000 0.000000
 0.313000 0.000000 0.000000
 0.313500 0.000000 0.000000
 0.314000 0.000000 0.000000
 0.314500 0.000000 0.000000
 0.315000 0.000000 0.000000
 0.315500 0.000000 0.000000
 0.316000 0.000000 0.000000
 0.316500 0.000000 0.000000
 0.317000 0.000000 0.000000
 0.317500 0.000000 0.000000
 0.318000 0.000000 0.000000
 0.318500 0.000000 0.000000
 0.319000 0.000000 0.000000
 0.319500 0.000000 0.000000
 0.320000 0.000000 0.000000
 0.320500 0.000000 0.000000
 0.321000 0.000000 0.000000
 0.321500 0.000000 0.000000
 0.322000 0.000000 0.000000
 0.322500 0.000000 0.000000
 0.323000 0.000000 0.000000
 0.323500 0.000000 0.000000
 0.324000 0.000000 0.000000
 0.324500 0.000000 0.000000
 0.325000 0.000000 0.000000
 0.325500 0.000000 0.000000
 0.326000 0.000000 0.000000
 0.326500 0.000000 0.000000
 0.327000 0.000000 0.000000
 0.327500 0.000000 0.000000
 0.328000 0.000000 0.000000
 0.328500 0.000000 0.000000
 0.329000 0.000000 0.000000
 0.329500 0.000000 0.000000
 0.330000 0.000000 0.000000
 0.330500 0.000000 0.000000
 0.331000 0.000000 0.000000
 0.331500 0.000000 0.000000
 0.332000 0.000000 0.000000
 0.332500 0.000000 0.000000
 0.333000 0.000000 0.000000
 0.333500 0.000000 0.000000
 0.334000 0.000000 0.000000
 0.334500 0.000000 0.000000
 0.335000 0.000000 0.000000
 0.335500 0.000000 0.000000
 0.336000 0.000000 0.000000
 0.336500 0.000000 0.000000
 0.337000 0.000000 0.000000
 0.337500 0.000000 0.000000
 0.338000 0.000000 0.000000
 0.338500 0.000000 0.000000
 0.339000 0.000000 0.000000
 0.339500 0.000000 0.000000
 0.340000 0.000000 0.000000
 0.340500 0.000000 0.000000
 0.341000 0.000000 0.000000
 0.341500 0.000000 0.000000
 0.342000 0.000000 0.000000
 0.342500 0.000000 0.000000
 0.343000 0.000000 0.000000
 0.343500 0.000000 0.000000
 0.344000 0.000000 0.000000
 0.344500 0.000000 0.000000
 0.345000 0.000000 0.000000
 0.345500 0.000000 0.000000
 0.346000 0.000000 0.000000
 0.346500 0.000000 0.000000
 0.347000 0.000000 0.000000
 0.347500 0.000000 0.000000
 0.348000 0.000000 0.000000
 0.348500 0.000000 0.000000
 0.349000 0.000000 0.000000
 0.349500 0.000000 0.000000
 0.350000 0.000000 0.000000
 0.350500 0.000000 0.000000
 0.351000 0.000000 0.000000
 0.351500 0.000000 0.000000
 0.352000 0.000000 0.000000
 0.352500 0.000000 0.000000
 0.353000 0.000000 0.000000
 0.353500 0.000000 0.000000
 0.354000 0.000000 0.000000
 0.354500 0.000000 0.000000
 0.355000 0.000000 0.000000
 0.355500 0.000000 0.000000
 0.356000 0.000000 0.000000
 0.356500 0.000000 0.000000
 0.357000 0.000000 0.000000
 0.357500 0.000000 0.000000
 0.358000 0.000000 0.000000
 0.358500 0.000000 0.000000
 0.359000 0.000000 0.000000
 0.359500 0.000000 0.000000
 0.360000 0.000000 0.000000
 0.360500 0.000000 0.000000
 0.361000 0.000000 0.000000
 0.361500 0.000000 0.000000
 0.362000 0.000000 0.000000
 0.362500 0.000000 0.000000
 0.363000 0.000000 0.000000
 0.363500 0.000000 0.000000
 0.364000 0.000000 0.000000
 0.364500 0.000000 0.000000
 0.365000 0.000000 0.000000
 0.365500 0.000000 0.000000
 0.366000 0.000000 0.000000
 0.366500 0.000000 0.000185
 0.367000 0.000001 0.000619
 0.367500 0.000002 0.001125
 0.368000 0.000003 0.001788
 0.368500 0.000004 0.002599
 0.369000 0.000006 0.003647
 0.369500 0.000008 0.004975
 0.370000 0.000011 0.006722
 0.370500 0.000015 0.008926
 0.371000 0.000020 0.011737
 0.371500 0.000027 0.015216
 0.372000 0.000035 0.019488
 0.372500 0.000047 0.024697
 0.373000 0.000060 0.030919
 0.373500 0.000078 0.038302
 0.374000 0.000099 0.046937
 0.374500 0.000125 0.056864
 0.375000 0.000156 0.068127
 0.375500 0.000194 0.080697
 0.376000 0.000238 0.094647
 0.376500 0.000289 0.109773
 0.377000 0.000348 0.126266
 0.377500 0.000417 0.143732
 0.378000 0.000494 0.161692
 0.378500 0.000580 0.179975
 0.379000 0.000675 0.198091
 0.379500 0.000779 0.215998
 0.380000 0.000892 0.233061
 0.380500 0.001014 0.249188
 0.381000 0.001142 0.263859
 0.381500 0.001279 0.277207
 0.382000 0.001422 0.289527
 0.382500 0.001570 0.300313
 0.383000 0.001723 0.310093
 0.383500 0.001881 0.319202
 0.384000 0.002044 0.328364
 0.384500 0.002211 0.338235
 0.385000 0.002384 0.350006
 0.385500 0.002564 0.364722
 0.386000 0.002752 0.382778
 0.386500 0.002949 0.405330
 0.387000 0.003160 0.433134
 0.387500 0.003385 0.466913
 0.388000 0.003629 0.507049
 0.388500 0.003895 0.553531
 0.389000 0.004186 0.606439
 0.389500 0.004505 0.665550
 0.390000 0.004854 0.729757
 0.390500 0.005237 0.798026
 0.391000 0.005656 0.869474
 0.391500 0.006110 0.942194
 0.392000 0.006601 1.014824
 0.392500 0.007128 1.085551
 0.393000 0.007690 1.152966
 0.393500 0.008285 1.215649
 0.394000 0.008909 1.271700
 0.394500 0.009559 1.320432
 0.395000 0.010232 1.361506
 0.395500 0.010924 1.394576
 0.396000 0.011630 1.419609
 0.396500 0.012347 1.437589
 0.397000 0.013071 1.449409
 0.397500 0.013802 1.457103
 0.398000 0.014536 1.462324
 0.398500 0.015272 1.466774
 0.399000 0.016011 1.472985
 0.399500 0.016754 1.483155
 0.400000 0.017505 1.500289
 0.400500 0.018267 1.526786
 0.401000 0.019045 1.564246
 0.401500 0.019846 1.615724
 0.402000 0.020676 1.682550
 0.402500 0.021543 1.765701
 0.403000 0.022457 1.868128
 0.403500 0.023426 1.989544
 0.404000 0.024461 2.131401
 0.404500 0.025574 2.294818
 0.405000 0.026775 2.480036
 0.405500 0.028073 2.685505
 0.406000 0.029480 2.913078
 0.406500 0.031007 3.163008
 0.407000 0.032667 3.435657
 0.407500 0.034468 3.729307
 0.408000 0.036423 4.044921
 0.408500 0.038542 4.382423
 0.409000 0.040834 4.739556
 0.409500 0.043308 5.115686
 0.410000 0.045976 5.510921
 0.410500 0.048846 5.924359
 0.411000 0.051929 6.355883
 0.411500 0.055234 6.804656
 0.412000 0.058771 7.271020
 0.412500 0.062543 7.751021
 0.413000 0.066558 8.243048
 0.413500 0.070822 8.746895
 0.414000 0.075340 9.260687
 0.414500 0.080119 9.784010
 0.415000 0.085164 10.316410
 0.415500 0.090479 10.857862
 0.416000 0.096070 11.409612
 0.416500 0.101936 11.968319
 0.417000 0.108086 12.537291
 0.417500 0.114524 13.116954
 0.418000 0.121254 13.708008
 0.418500 0.128283 14.313271
 0.419000 0.135622 14.934640
 0.419500 0.143277 15.573609
 0.420000 0.151259 16.233221
 0.420500 0.159578 16.915273
 0.421000 0.168244 17.619410
 0.421500 0.177269 18.349142
 0.422000 0.186667 19.105081
 0.422500 0.196452 19.888291
 0.423000 0.206637 20.699293
 0.423500 0.217237 21.539333
 0.424000 0.228267 22.409609
 0.424500 0.239742 23.310436
 0.425000 0.251680 24.244251
 0.425500 0.264094 25.210834
 0.426000 0.277001 26.211367
 0.426500 0.290419 27.247097
 0.427000 0.304368 28.321155
 0.427500 0.318862 29.433542
 0.428000 0.333924 30.586577
 0.428500 0.349576 31.784410
 0.429000 0.365843 33.031333
 0.429500 0.382750 34.330586
 0.430000 0.400318 35.683380
 0.430500 0.418583 37.095697
 0.431000 0.437570 38.570659
 0.431500 0.457314 40.113351
 0.432000 0.477848 41.727087
 0.432500 0.499211 43.415918
 0.433000 0.521443 45.185095
 0.433500 0.544582 47.035337
 0.434000 0.568671 48.970877
 0.434500 0.593752 50.991036
 0.435000 0.619869 53.095487
 0.435500 0.647055 55.277439
 0.436000 0.675353 57.535473
 0.436500 0.704800 59.865085
 0.437000 0.735434 62.261172
 0.437500 0.767283 64.712517
 0.438000 0.800370 67.210489
 0.438500 0.834720 69.746361
 0.439000 0.870351 72.309684
 0.439500 0.907271 74.891372
 0.440000 0.945493 77.483580
 0.440500 0.985015 80.077421
 0.441000 1.025838 82.667830
 0.441500 1.067960 85.250238
 0.442000 1.111369 87.812813
 0.442500 1.156061 90.363251
 0.443000 1.202021 92.896318
 0.443500 1.249246 95.416940
 0.444000 1.297730 97.925476
 0.444500 1.347472 100.432339
 0.445000 1.398473 102.944162
 0.445500 1.450738 105.464841
 0.446000 1.504277 108.005539
 0.446500 1.559091 110.569116
 0.447000 1.615210 113.173487
 0.447500 1.672643 115.820072
 0.448000 1.731404 118.508319
 0.448500 1.791525 121.249656
 0.449000 1.853034 124.041009
 0.449500 1.915955 126.883001
 0.450000 1.980311 129.776527
 0.450500 2.046136 132.724800
 0.451000 2.113456 135.726317
 0.451500 2.182285 138.771220
 0.452000 2.252650 141.857270
 0.452500 2.324567 144.974810
 0.453000 2.398063 148.120177
 0.453500 2.473139 151.282980
 0.454000 2.549797 154.451239
 0.454500 2.628049 157.618231
 0.455000 2.707891 160.778795
 0.455500 2.789318 163.926614
 0.456000 2.872316 167.047567
 0.456500 2.956865 170.134002
 0.457000 3.042952 173.182502
 0.457500 3.130557 176.183969
 0.458000 3.219652 179.137538
 0.458500 3.310221 182.046962
 0.459000 3.402231 184.908826
 0.459500 3.495667 187.727478
 0.460000 3.590500 190.505020
 0.460500 3.686708 193.245956
 0.461000 3.784283 195.961291
 0.461500 3.883218 198.666063
 0.462000 3.983513 201.368304
 0.462500 4.085165 204.076185
 0.463000 4.188177 206.799292
 0.463500 4.292548 209.540564
 0.464000 4.398313 212.316144
 0.464500 4.505466 215.120065
 0.465000 4.614044 217.969995
 0.465500 4.724055 220.860046
 0.466000 4.835527 223.789519
 0.466500 4.948460 226.734037
 0.467000 5.062875 229.699237
 0.467500 5.178780 232.667621
 0.468000 5.296165 235.620904
 0.468500 5.415037 238.548207
 0.469000 5.535347 241.412601
 0.469500 5.657066 244.197832
 0.470000 5.780148 246.872521
 0.470500 5.904539 249.423648
 0.471000 6.030159 251.817805
 0.471500 6.156937 254.043600
 0.472000 6.284792 256.080242
 0.472500 6.413614 257.916682
 0.473000 6.543300 259.543224
 0.473500 6.673749 260.963328
 0.474000 6.804855 262.166503
 0.474500 6.936510 263.155037
 0.475000 7.068597 263.928476
 0.475500 7.201015 264.494433
 0.476000 7.333668 264.858462
 0.476500 7.466442 265.020457
 0.477000 7.599253 264.989548
 0.477500 7.731986 264.756193
 0.478000 7.864546 264.321518
 0.478500 7.996847 263.679463
 0.479000 8.128774 262.832705
 0.479500 8.260224 261.762252
 0.480000 8.391082 260.470335
 0.480500 8.521232 258.944808
 0.481000 8.650548 257.182140
 0.481500 8.778914 255.180950
 0.482000 8.906217 252.944088
 0.482500 9.032328 250.470718
 0.483000 9.157148 247.765341
 0.483500 9.280547 244.855480
 0.484000 9.402440 241.746190
 0.484500 9.522739 238.451279
 0.485000 9.641340 234.999393
 0.485500 9.758184 231.414244
 0.486000 9.873204 227.712879
 0.486500 9.986345 223.916920
 0.487000 10.097564 220.055026
 0.487500 10.206828 216.140460
 0.488000 10.314113 212.171733
 0.488500 10.419395 208.165959
 0.489000 10.522663 204.128391
 0.489500 10.623879 200.061253
 0.490000 10.723046 195.956843
 0.490500 10.820148 191.808542
 0.491000 10.915163 187.624403
 0.491500 11.008066 183.397106
 0.492000 11.098830 179.117720
 0.492500 11.187412 174.759142
 0.493000 11.273808 170.336633
 0.493500 11.357949 165.834706
 0.494000 11.439821 161.263253
 0.494500 11.519375 156.613053
 0.495000 11.596570 151.897240
 0.495500 11.671392 147.116321
 0.496000 11.743803 142.282267
 0.496500 11.813778 137.390803
 0.497000 11.881285 132.443121
 0.497500 11.946304 127.457864
 0.498000 12.008805 122.437108
 0.498500 12.068761 117.372321
 0.499000 12.126160 112.250376
 0.499500 12.180967 107.064282
 0.500000 12.233158 101.794615
 0.500500 12.282675 96.449428
 0.501000 12.329486 90.986483
 0.501500 12.373515 85.416564
 0.502000 12.414724 79.719438
 0.502500 12.453030 73.883558
 0.503000 12.488390 67.890482
 0.503500 12.520694 61.754206
 0.504000 12.549883 55.476695
 0.504500 12.575888 49.057300
 0.505000 12.598622 42.519044
 0.505500 12.618066 35.857696
 0.506000 12.634151 29.099498
 0.506500 12.646830 22.257357
 0.507000 12.656050 15.358230
 0.507500 12.661804 8.405192
 0.508000 12.664059 1.427726
 0.508500 12.662819 -5.555689
 0.509000 12.658082 -12.542064
 0.509500 12.649842 -19.527492
 0.510000 12.638086 -26.501772
 0.510500 12.622834 -33.465703
 0.511000 12.604093 -40.415156
 0.511500 12.581886 -47.347054
 0.512000 12.556210 -54.250243
 0.512500 12.527086 -61.107580
 0.513000 12.494533 -67.925121
 0.513500 12.458564 -74.675784
 0.514000 12.419233 -81.356070
 0.514500 12.376582 -87.931801
 0.515000 12.330653 -94.376144
 0.515500 12.281528 -100.663868
 0.516000 12.229293 -106.772845
 0.516500 12.174046 -112.670574
 0.517000 12.115898 -118.341670
 0.517500 12.054985 -123.753627
 0.518000 11.991430 -128.890927
 0.518500 11.925364 -133.734764
 0.519000 11.856939 -138.300647
 0.519500 11.786291 -142.581251
 0.520000 11.713566 -146.580409
 0.520500 11.638900 -150.315781
 0.521000 11.562416 -153.816278
 0.521500 11.484233 -157.116798
 0.522000 11.404427 -160.245070
 0.522500 11.323081 -163.248469
 0.523000 11.240257 -166.160269
 0.523500 11.155977 -169.019306
 0.524000 11.070274 -171.856405
 0.524500 10.983151 -174.716436
 0.525000 10.894585 -177.618983
 0.525500 10.804542 -180.575908
 0.526000 10.713011 -183.610474
 0.526500 10.619944 -186.714536
 0.527000 10.525302 -189.881585
 0.527500 10.429050 -193.094630
 0.528000 10.331170 -196.334730
 0.528500 10.231659 -199.580663
 0.529000 10.130542 -202.813471
 0.529500 10.027799 -205.969833
 0.530000 9.923515 -209.030444
 0.530500 9.817727 -211.935633
 0.531000 9.710540 -214.655105
 0.531500 9.602048 -217.150250
 0.532000 9.492368 -219.375638
 0.532500 9.381634 -221.313843
 0.533000 9.270005 -222.947165
 0.533500 9.157645 -224.266349
 0.534000 9.044692 -225.256515
 0.534500 8.931324 -225.928753
 0.535000 8.817698 -226.300860
 0.535500 8.703958 -226.395970
 0.536000 8.590241 -226.244305
 0.536500 8.476660 -225.878301
 0.537000 8.363299 -225.339282
 0.537500 8.250258 -224.674938
 0.538000 8.137567 -223.929289
 0.538500 8.025249 -223.140860
 0.539000 7.913335 -222.359653
 0.539500 7.801799 -221.613225
 0.540000 7.690633 -220.932635
 0.540500 7.579787 -220.328366
 0.541000 7.469221 -219.820958
 0.541500 7.358887 -219.411277
 0.542000 7.248732 -219.080644
 0.542500 7.138717 -218.827483
 0.543000 7.028824 -218.627003
 0.543500 6.919020 -218.463299
 0.544000 6.809305 -218.301056
 0.544500 6.699678 -218.107965
 0.545000 6.590153 -217.843679
 0.545500 6.480779 -217.495646
 0.546000 6.371613 -217.041123
 0.546500 6.262715 -216.466587
 0.547000 6.154144 -215.754043
 0.547500 6.045970 -214.892883
 0.548000 5.938265 -213.879571
 0.548500 5.831106 -212.722248
 0.549000 5.724557 -211.424748
 0.549500 5.618700 -210.010741
 0.550000 5.513585 -208.493332
 0.550500 5.409258 -206.885930
 0.551000 5.305755 -205.203551
 0.551500 5.203113 -203.465781
 0.552000 5.101349 -201.685643
 0.552500 5.000492 -199.874534
 0.553000 4.900553 -198.038921
 0.553500 4.801550 -196.184560
 0.554000 4.703475 -194.303762
 0.554500 4.606350 -192.403853
 0.555000 4.510183 -190.481410
 0.555500 4.415004 -188.533709
 0.556000 4.320817 -186.545083
 0.556500 4.227642 -184.495510
 0.557000 4.135505 -182.377007
 0.557500 4.044446 -180.186225
 0.558000 3.954504 -177.913065
 0.558500 3.865726 -175.555849
 0.559000 3.778156 -173.111701
 0.559500 3.691830 -170.576437
 0.560000 3.606801 -167.962295
 0.560500 3.523097 -165.264330
 0.561000 3.440763 -162.508380
 0.561500 3.359828 -159.707440
 0.562000 3.280310 -156.875453
 0.562500 3.202218 -154.032156
 0.563000 3.125547 -151.196091
 0.563500 3.050296 -148.388225
 0.564000 2.976443 -145.628477
 0.564500 2.903961 -142.929158
 0.565000 2.832819 -140.304370
 0.565500 2.762977 -137.761989
 0.566000 2.694397 -135.309717
 0.566500 2.627023 -132.938588
 0.567000 2.560822 -130.645098
 0.567500 2.495748 -128.420513
 0.568000 2.431778 -126.256991
 0.568500 2.368877 -124.135201
 0.569000 2.307040 -122.048104
 0.569500 2.246246 -119.974641
 0.570000 2.186491 -117.900928
 0.570500 2.127788 -115.810922
 0.571000 2.070139 -113.687829
 0.571500 2.013568 -111.525042
 0.572000 1.958096 -109.316771
 0.572500 1.903743 -107.057948
 0.573000 1.850534 -104.748419
 0.573500 1.798501 -102.396363
 0.574000 1.747649 -100.002850
 0.574500 1.698013 -97.586875
 0.575000 1.649597 -95.158054
 0.575500 1.602401 -92.725696
 0.576000 1.556425 -90.307334
 0.576500 1.511654 -87.909968
 0.577000 1.468075 -85.548459
 0.577500 1.425671 -83.242504
 0.578000 1.384411 -80.998441
 0.578500 1.344259 -78.819157
 0.579000 1.305188 -76.720097
 0.579500 1.267145 -74.696405
 0.580000 1.230106 -72.759948
 0.580500 1.194017 -70.901918
 0.581000 1.158845 -69.121396
 0.581500 1.124544 -67.410879
 0.582000 1.091088 -65.770574
 0.582500 1.058438 -64.187788
 0.583000 1.026569 -62.659843
 0.583500 0.995457 -61.180203
 0.584000 0.965076 -59.737973
 0.584500 0.935409 -58.327469
 0.585000 0.906446 -56.943770
 0.585500 0.878169 -55.581070
 0.586000 0.850570 -54.234163
 0.586500 0.823646 -52.903098
 0.587000 0.797387 -51.585911
 0.587500 0.771788 -50.283346
 0.588000 0.746845 -48.993308
 0.588500 0.722551 -47.720837
 0.589000 0.698893 -46.460716
 0.589500 0.675861 -45.216770
 0.590000 0.653446 -43.991042
 0.590500 0.631642 -42.789500
 0.591000 0.610434 -41.614587
 0.591500 0.589814 -40.470433
 0.592000 0.569760 -39.354982
 0.592500 0.550260 -38.271087
 0.593000 0.531294 -37.216015
 0.593500 0.512850 -36.192976
 0.594000 0.494917 -35.202602
 0.594500 0.477474 -34.239577
 0.595000 0.460507 -33.303414
 0.595500 0.444005 -32.391436
 0.596000 0.427956 -31.500857
 0.596500 0.412349 -30.630093
 0.597000 0.397172 -29.773979
 0.597500 0.382424 -28.933126
 0.598000 0.368095 -28.104003
 0.598500 0.354178 -27.282273
 0.599000 0.340672 -26.469397
 0.599500 0.327574 -25.664542
 0.600000 0.314877 -24.866201
 0.600500 0.302582 -24.075690
 0.601000 0.290683 -23.290157
 0.601500 0.279175 -22.510901
 0.602000 0.268058 -21.739392
 0.602500 0.257325 -20.978376
 0.603000 0.246973 -20.227515
 0.603500 0.236993 -19.485842
 0.604000 0.227384 -18.760045
 0.604500 0.218133 -18.047517
 0.605000 0.209237 -17.350580
 0.605500 0.200686 -16.669925
 0.606000 0.192474 -16.008707
 0.606500 0.184594 -15.366811
 0.607000 0.177029 -14.740486
 0.607500 0.169774 -14.131855
 0.608000 0.162820 -13.541052
 0.608500 0.156158 -12.968650
 0.609000 0.149778 -12.414532
 0.609500 0.143672 -11.878829
 0.610000 0.137828 -11.361077
 0.610500 0.132242 -10.863394
 0.611000 0.126899 -10.384767
 0.611500 0.121792 -9.926648
 0.612000 0.116909 -9.490230
 0.612500 0.112242 -9.075677
 0.613000 0.107778 -8.681948
 0.613500 0.103505 -8.309625
 0.614000 0.099414 -7.960708
 0.614500 0.095494 -7.632873
 0.615000 0.091731 -7.324712
 0.615500 0.088118 -7.036760
 0.616000 0.084646 -6.768824
 0.616500 0.081304 -6.518875
 0.617000 0.078085 -6.285233
 0.617500 0.074979 -6.064923
 0.618000 0.071981 -5.857825
 0.618500 0.069084 -5.661363
 0.619000 0.066284 -5.473622
 0.619500 0.063576 -5.294358
 0.620000 0.060958 -5.121928
 0.620500 0.058425 -4.954308
 0.621000 0.055975 -4.791641
 0.621500 0.053606 -4.632079
 0.622000 0.051317 -4.476827
 0.622500 0.049105 -4.323914
 0.623000 0.046968 -4.174225
 0.623500 0.044907 -4.028599
 0.624000 0.042919 -3.886466
 0.624500 0.041000 -3.746974
 0.625000 0.039150 -3.611816
 0.625500 0.037366 -3.480338
 0.626000 0.035648 -3.353547
 0.626500 0.033993 -3.230822
 0.627000 0.032399 -3.112268
 0.627500 0.030863 -2.997638
 0.628000 0.029385 -2.886150
 0.628500 0.027962 -2.778176
 0.629000 0.026593 -2.672488
 0.629500 0.025276 -2.568719
 0.630000 0.024012 -2.466808
 0.630500 0.022798 -2.365989
 0.631000 0.021633 -2.265694
 0.631500 0.020520 -2.166805
 0.632000 0.019455 -2.068710
 0.632500 0.018439 -1.971690
 0.633000 0.017472 -1.876275
 0.633500 0.016552 -1.782849
 0.634000 0.015678 -1.691390
 0.634500 0.014850 -1.602903
 0.635000 0.014066 -1.517702
 0.635500 0.013322 -1.436405
 0.636000 0.012619 -1.359598
 0.636500 0.011953 -1.288861
 0.637000 0.011322 -1.223072
 0.637500 0.010722 -1.162312
 0.638000 0.010152 -1.107190
 0.638500 0.009607 -1.057114
 0.639000 0.009088 -1.012500
 0.639500 0.008589 -0.971729
 0.640000 0.008109 -0.934541
 0.640500 0.007647 -0.900476
 0.641000 0.007203 -0.868902
 0.641500 0.006773 -0.838398
 0.642000 0.006359 -0.808767
 0.642500 0.005960 -0.778760
 0.643000 0.005577 -0.747659
 0.643500 0.005209 -0.715137
 0.644000 0.004857 -0.680764
 0.644500 0.004524 -0.644709
 0.645000 0.004209 -0.606310
 0.645500 0.003915 -0.566226
 0.646000 0.003640 -0.524553
 0.646500 0.003387 -0.481417
 0.647000 0.003156 -0.437095
 0.647500 0.002947 -0.392812
 0.648000 0.002759 -0.349057
 0.648500 0.002595 -0.306799
 0.649000 0.002450 -0.265902
 0.649500 0.002326 -0.227097
 0.650000 0.002220 -0.191592
 0.650500 0.002132 -0.159354
 0.651000 0.002059 -0.130712
 0.651500 0.001999 -0.105862
 0.652000 0.001951 -0.085217
 0.652500 0.001912 -0.068730
 0.653000 0.001880 -0.056349
 0.653500 0.001854 -0.047810
 0.654000 0.001831 -0.042971
 0.654500 0.001809 -0.041440
 0.655000 0.001787 -0.042614
 0.655500 0.001764 -0.046541
 0.656000 0.001739 -0.052532
 0.656500 0.001711 -0.060055
 0.657000 0.001678 -0.068340
 0.657500 0.001641 -0.076977
 0.658000 0.001600 -0.085453
 0.658500 0.001555 -0.093533
 0.659000 0.001506 -0.100595
 0.659500 0.001454 -0.106387
 0.660000 0.001398 -0.110484
 0.660500 0.001342 -0.113241
 0.661000 0.001285 -0.114416
 0.661500 0.001227 -0.113970
 0.662000 0.001170 -0.111932
 0.662500 0.001115 -0.108605
 0.663000 0.001062 -0.104141
 0.663500 0.001011 -0.098825
 0.664000 0.000963 -0.092885
 0.664500 0.000918 -0.086701
 0.665000 0.000876 -0.080505
 0.665500 0.000837 -0.074622
 0.666000 0.000801 -0.069244
 0.666500 0.000768 -0.064505
 0.667000 0.000736 -0.060707
 0.667500 0.000707 -0.057733
 0.668000 0.000678 -0.055677
 0.668500 0.000651 -0.054543
 0.669000 0.000623 -0.054153
 0.669500 0.000596 -0.054453
 0.670000 0.000569 -0.055302
 0.670500 0.000541 -0.056501
 0.671000 0.000512 -0.057857
 0.671500 0.000483 -0.059162
 0.672000 0.000453 -0.060374
 0.672500 0.000422 -0.061241
 0.673000 0.000391 -0.061678
 0.673500 0.000360 -0.061621
 0.674000 0.000329 -0.060955
 0.674500 0.000299 -0.059721
 0.675000 0.000270 -0.057888
 0.675500 0.000241 -0.055519
 0.676000 0.000214 -0.052501
 0.676500 0.000188 -0.049326
 0.677000 0.000164 -0.045784
 0.677500 0.000142 -0.042022
 0.678000 0.000122 -0.038213
 0.678500 0.000104 -0.034338
 0.679000 0.000087 -0.030521
 0.679500 0.000073 -0.026826
 0.680000 0.000061 -0.023320
 0.680500 0.000050 -0.020032
 0.681000 0.000040 -0.017034
 0.681500 0.000033 -0.014309
 0.682000 0.000026 -0.011902
 0.682500 0.000021 -0.009776
 0.683000 0.000016 -0.007973
 0.683500 0.000012 -0.006405
 0.684000 0.000010 -0.005082
 0.684500 0.000007 -0.004001
 0.685000 0.000005 -0.003116
 0.685500 0.000004 -0.002384
 0.686000 0.000003 -0.001797
 0.686500 0.000002 -0.001332
 0.687000 0.000002 -0.000986
 0.687500 0.000001 -0.000704
 0.688000 0.000001 -0.000474
 0.688500 0.000000 -0.000315
 0.689000 0.000000 -0.000180
 0.689500 0.000000 0.000000
 0.690000 0.000000 0.000000
 0.690500 0.000000 0.000000
 0.691000 0.000000 0.000000
 0.691500 0.000000 0.000000
 0.692000 0.000000 0.000000
 0.692500 0.000000 0.000000
 0.693000 0.000000 0.000000
 0.693500 0.000000 0.000000
 0.694000 0.000000 0.000000
 0.694500 0.000000 0.000000
 0.695000 0.000000 0.000000
 0.695500 0.000000 0.000000
 0.696000 0.000000 0.000000
 0.696500 0.000000 0.000000
 0.697000 0.000000 0.000000
 0.697500 0.000000 0.000000
 0.698000 0.000000 0.000000
 0.698500 0.000000 0.000000
 0.699000 0.000000 0.000000
 0.699500 0.000000 0.000000
 0.700000 0.000000 0.000000
 0.700500 0.000000 0.000000
 0.701000 0.000000 0.000000
 0.701500 0.000000 0.000000
 0.702000 0.000000 0.000000
 0.702500 0.000000 0.000000
 0.703000 0.000000 0.000000
 0.703500 0.000000 0.000000
 0.704000 0.000000 0.000000
 0.704500 0.000000 0.000000
 0.705000 0.000000 0.000000
 0.705500 0.000000 0.000000
 0.706000 0.000000 0.000000
 0.706500 0.000000 0.000000
 0.707000 0.000000 0.000000
 0.707500 0.000000 0.000000
 0.708000 0.000000 0.000000
 0.708500 0.000000 0.000000
 0.709000 0.000000 0.000000
 0.709500 0.000000 0.000000
 0.710000 0.000000 0.000000
 0.710500 0.000000 0.000000
 0.711000 0.000000 0.000000
 0.711500 0.000000 0.000000
 0.712000 0.000000 0.000000
 0.712500 0.000000 0.000000
 0.713000 0.000000 0.000000
 0.713500 0.000000 0.000000
 0.714000 0.000000 0.000000
 0.714500 0.000000 0.000000
 0.715000 0.000000 0.000000
 0.715500 0.000000 0.000000
 0.716000 0.000000 0.000000
 0.716500 0.000000 0.000000
 0.717000 0.000000 0.000000
 0.717500 0.000000 0.000000
 0.718000 0.000000 0.000000
 0.718500 0.000000 0.000000
 0.719000 0.000000 0.000000
 0.719500 0.000000 0.000000
 0.720000 0.000000 0.000000
 0.720500 0.000000 0.000000
 0.721000 0.000000 0.000000
 0.721500 0.000000 0.000000
 0.722000 0.000000 0.000000
 0.722500 0.000000 0.000000
 0.723000 0.000000 0.000000
 0.723500 0.000000 0.000000
 0.724000 0.000000 0.000000
 0.724500 0.000000 0.000000
 0.725000 0.000000 0.000000
 0.725500 0.000000 0.000000
 0.726000 0.000000 0.000000
 0.726500 0.000000 0.000000
 0.727000 0.000000 0.000000
 0.727500 0.000000 0.000000
 0.728000 0.000000 0.000000
 0.728500 0.000000 0.000000
 0.729000 0.000000 0.000000
 0.729500 0.000000 0.000000
 0.730000 0.000000 0.000000
 0.730500 0.000000 0.000000
 0.731000 0.000000 0.000000
 0.731500 0.000000 0.000000
 0.732000 0.000000 0.000000
 0.732500 0.000000 0.000000
 0.733000 0.000000 0.000000
 0.733500 0.000000 0.000000
 0.734000 0.000000 0.000000
 0.734500 0.000000 0.000000
 0.735000 0.000000 0.000000
 0.735500 0.000000 0.000000
 0.736000 0.000000 0.000000
 0.736500 0.000000 0.000000
 0.737000 0.000000 0.000000
 0.737500 0.000000 0.000000
 0.738000 0.000000 0.000000
 0.738500 0.000000 0.000000
 0.739000 0.000000 0.000000
 0.739500 0.000000 0.000000
 0.740000 0.000000 0.000000
 0.740500 0.000000 0.000000
 0.741000 0.000000 0.000000
 0.741500 0.000000 0.000000
 0.742000 0.000000 0.000000
 0.742500 0.000000 0.000000
 0.743000 0.000000 0.000000
 0.743500 0.000000 0.000000
 0.744000 0.000000 0.000000
 0.744500 0.000000 0.000000
 0.745000 0.000000 0.000000
 0.745500 0.000000 0.000000
 0.746000 0.000000 0.000000
 0.746500 0.000000 0.000000
 0.747000 0.000000 0.000000
 0.747500 0.000000 0.000000
 0.748000 0.000000 0.000000
 0.748500 0.000000 0.000000
 0.749000 0.000000 0.000000
 0.749500 0.000000 0.000000
 0.750000 0.000000 0.000000
 0.750500 0.000000 0.000000
 0.751000 0.000000 0.000000
 0.751500 0.000000 0.000000
 0.752000 0.000000 0.000000
 0.752500 0.000000 0.000000
 0.753000 0.000000 0.000000
 0.753500 0.000000 0.000000
 0.754000 0.000000 0.000000
 0.754500 0.000000 0.000000
 0.755000 0.000000 0.000000
 0.755500 0.000000 0.000000
 0.756000 0.000000 0.000000
 0.756500 0.000000 0.000000
 0.757000 0.000000 0.000000
 0.757500 0.000000 0.000000
 0.758000 0.000000 0.000000
 0.758500 0.000000 0.000000
 0.759000 0.000000 0.000000
 0.759500 0.000000 0.000000
 0.760000 0.000000 0.000000
 0.760500 0.000000 0.000000
 0.761000 0.000000 0.000000
 0.761500 0.000000 0.000000
 0.762000 0.000000 0.000000
 0.762500 0.000000 0.000000
 0.763000 0.000000 0.000000
 0.763500 0.000000 0.000000
 0.764000 0.000000 0.000000
 0.764500 0.000000 0.000000
 0.765000 0.000000 0.000000
 0.765500 0.000000 0.000000
 0.766000 0.000000 0.000000
 0.766500 0.000000 0.000000
 0.767000 0.000000 0.000000
 0.767500 0.000000 0.000000
 0.768000 0.000000 0.000000
 0.768500 0.000000 0.000000
 0.769000 0.000000 0.000000
 0.769500 0.000000 0.000000
 0.770000 0.000000 0.000000
 0.770500 0.000000 0.000000
 0.771000 0.000000 0.000000
 0.771500 0.000000 0.000000
 0.772000 0.000000 0.000000
 0.772500 0.000000 0.000000
 0.773000 0.000000 0.000000
 0.773500 0.000000 0.000000
 0.774000 0.000000 0.000000
 0.774500 0.000000 0.000000
 0.775000 0.000000 0.000000
 0.775500 0.000000 0.000000
 0.776000 0.000000 0.000000
 0.776500 0.000000 0.000000
 0.777000 0.000000 0.000000
 0.777500 0.000000 0.000000
 0.778000 0.000000 0.000000
 0.778500 0.000000 0.000000
 0.779000 0.000000 0.000000
 0.779500 0.000000 0.000000
 0.780000 0.000000 0.000000
 0.780500 0.000000 0.000000
 0.781000 0.000000 0.000000
 0.781500 0.000000 0.000000
 0.782000 0.000000 0.000000
 0.782500 0.000000 0.000000
 0.783000 0.000000 0.000000
 0.783500 0.000000 0.000000
 0.784000 0.000000 0.000000
 0.784500 0.000000 0.000000
 0.785000 0.000000 0.000000
 0.785500 0.000000 0.000000
 0.786000 0.000000 0.000000
 0.786500 0.000000 0.000000
 0.787000 0.000000 0.000000
 0.787500 0.000000 0.000000
 0.788000 0.000000 0.000000
 0.788500 0.000000 0.000000
 0.789000 0.000000 0.000000
 0.789500 0.000000 0.000000
 0.790000 0.000000 0.000000
 0.790500 0.000000 0.000000
 0.791000 0.000000 0.000000
 0.791500 0.000000 0.000000
 0.792000 0.000000 0.000000
 0.792500 0.000000 0.000000
 0.793000 0.000000 0.000000
 0.793500 0.000000 0.000000
 0.794000 0.000000 0.000000
 0.794500 0.000000 0.000000
 0.795000 0.000000 0.000000
 0.795500 0.000000 0.000000
 0.796000 0.000000 0.000000
 0.796500 0.000000 0.000000
 0.797000 0.000000 0.000000
 0.797500 0.000000 0.000000
 0.798000 0.000000 0.000000
 0.798500 0.000000 0.000000
 0.799000 0.000000 0.000000
 0.799500 0.000000 0.000000
 0.800000 0.000000 0.000000
 0.800500 0.000000 0.000000
 0.801000 0.000000 0.000000
 0.801500 0.000000 0.000000
 0.802000 0.000000 0.000000
 0.802500 0.000000 0.000000
 0.803000 0.000000 0.000000
 0.803500 0.000000 0.000000
 0.804000 0.000000 0.000000
 0.804500 0.000000 0.000000
 0.805000 0.000000 0.000000
 0.805500 0.000000 0.000000
 0.806000 0.000000 0.000000
 0.806500 0.000000 0.000000
 0.807000 0.000000 0.000000
 0.807500 0.000000 0.000000
 0.808000 0.000000 0.000000
 0.808500 0.000000 0.000000
 0.809000 0.000000 0.000000
 0.809500 0.000000 0.000000
 0.810000 0.000000 0.000000
 0.810500 0.000000 0.000000
 0.811000 0.000000 0.000000
 0.811500 0.000000 0.000000
 0.812000 0.000000 0.000000
 0.812500 0.000000 0.000000
 0.813000 0.000000 0.000000
 0.813500 0.000000 0.000000
 0.814000 0.000000 0.000000
 0.814500 0.000000 0.000000
 0.815000 0.000000 0.000000
 0.815500 0.000000 0.000000
 0.816000 0.000000 0.000000
 0.816500 0.000000 0.000000
 0.817000 0.000000 0.000000
 0.817500 0.000000 0.000000
 0.818000 0.000000 0.000000
 0.818500 0.000000 0.000000
 0.819000 0.000000 0.000000
 0.819500 0.000000 0.000000
 0.820000 0.000000 0.000000
 0.820500 0.000000 0.000000
 0.821000 0.000000 0.000000
 0.821500 0.000000 0.000000
 0.822000 0.000000 0.000000
 0.822500 0.000000 0.000000
 0.823000 0.000000 0.000000
 0.823500 0.000000 0.000000
 0.824000 0.000000 0.000000
 0.824500 0.000000 0.000000
 0.825000 0.000000 0.000000
 0.825500 0.000000 0.000000
 0.826000 0.000000 0.000000
 0.826500 0.000000 0.000000
 0.827000 0.000000 0.000000
 0.827500 0.000000 0.000000
 0.828000 0.000000 0.000000
 0.828500 0.000000 0.000000
 0.829000 0.000000 0.000000
 0.829500 0.000000 0.000000
 0.830000 0.000000 0.000000
 0.830500 0.000000 0.000000
 0.831000 0.000000 0.000000
 0.831500 0.000000 0.000000
 0.832000 0.000000 0.000000
 0.832500 0.000000 0.000000
 0.833000 0.000000 0.000000
 0.833500 0.000000 0.000000
 0.834000 0.000000 0.000000
 0.834500 0.000000 0.000000
 0.835000 0.000000 0.000000
 0.835500 0.000000 0.000000
 0.836000 0.000000 0.000000
 0.836500 0.000000 0.000000
 0.837000 0.000000 0.000000
 0.837500 0.000000 0.000000
 0.838000 0.000000 0.000000
 0.838500 0.000000 0.000000
 0.839000 0.000000 0.000000
 0.839500 0.000000 0.000000
 0.840000 0.000000 0.000000
 0.840500 0.000000 0.000000
 0.841000 0.000000 0.000000
 0.841500 0.000000 0.000000
 0.842000 0.000000 0.000000
 0.842500 0.000000 0.000000
 0.843000 0.000000 0.000000
 0.843500 0.000000 0.000000
 0.844000 0.000000 0.000000
 0.844500 0.000000 0.000000
 0.845000 0.000000 0.000000
 0.845500 0.000000 0.000000
 0.846000 0.000000 0.000000
 0.846500 0.000000 0.000000
 0.847000 0.000000 0.000000
 0.847500 0.000000 0.000000
 0.848000 0.000000 0.000000
 0.848500 0.000000 0.000000
 0.849000 0.000000 0.000000
 0.849500 0.000000 0.000000
 0.850000 0.000000 0.000000
 0.850500 0.000000 0.000000
 0.851000 0.000000 0.000000
 0.851500 0.000000 0.000000
 0.852000 0.000000 0.000000
 0.852500 0.000000 0.000000
 0.853000 0.000000 0.000000
 0.853500 0.000000 0.000000
 0.854000 0.000000 0.000000
 0.854500 0.000000 0.000000
 0.855000 0.000000 0.000000
 0.855500 0.000000 0.000000
 0.856000 0.000000 0.000000
 0.856500 0.000000 0.000000
 0.857000 0.000000 0.000000
 0.857500 0.000000 0.000000
 0.858000 0.000000 0.000000
 0.858500 0.000000 0.000000
 0.859000 0.000000 0.000000
 0.859500 0.000000 0.000000
 0.860000 0.000000 0.000000
 0.860500 0.000000 0.000000
 0.861000 0.000000 0.000000
 0.861500 0.000000 0.000000
 0.862000 0.000000 0.000000
 0.862500 0.000000 0.000000
 0.863000 0.000000 0.000000
 0.863500 0.000000 0.000000
 0.864000 0.000000 0.000000
 0.864500 0.000000 0.000000
 0.865000 0.000000 0.000000
 0.865500 0.000000 0.000000
 0.866000 0.000000 0.000000
 0.866500 0.000000 0.000000
 0.867000 0.000000 0.000000
 0.867500 0.000000 0.000000
 0.868000 0.000000 0.000000
 0.868500 0.000000 0.000000
 0.869000 0.000000 0.000000
 0.869500 0.000000 0.000000
 0.870000 0.000000 0.000000
 0.870500 0.000000 0.000000
 0.871000 0.000000 0.000000
 0.871500 0.000000 0.000000
 0.872000 0.000000 0.000000
 0.872500 0.000000 0.000000
 0.873000 0.000000 0.000000
 0.873500 0.000000 0.000000
 0.874000 0.000000 0.000000
 0.874500 0.000000 0.000000
 0.875000 0.000000 0.000000
 0.875500 0.000000 0.000000
 0.876000 0.000000 0.000000
 0.876500 0.000000 0.000000
 0.877000 0.000000 0.000000
 0.877500 0.000000 0.000000
 0.878000 0.000000 0.000000
 0.878500 0.000000 0.000000
 0.879000 0.000000 0.000000
 0.879500 0.000000 0.000000
 0.880000 0.000000 0.000000
 0.880500 0.000000 0.000000
 0.881000 0.000000 0.000000
 0.881500 0.000000 0.000000
 0.882000 0.000000 0.000000
 0.882500 0.000000 0.000000
 0.883000 0.000000 0.000000
 0.883500 0.000000 0.000000
 0.884000 0.000000 0.000000
 0.884500 0.000000 0.000000
 0.885000 0.000000 0.000000
 0.885500 0.000000 0.000000
 0.886000 0.000000 0.000000
 0.886500 0.000000 0.000000
 0.887000 0.000000 0.000000
 0.887500 0.000000 0.000000
 0.888000 0.000000 0.000000
 0.888500 0.000000 0.000000
 0.889000 0.000000 0.000000
 0.889500 0.000000 0.000000
 0.890000 0.000000 0.000000
 0.890500 0.000000 0.000000
 0.891000 0.000000 0.000000
 0.891500 0.000000 0.000000
 0.892000 0.000000 0.000000
 0.892500 0.000000 0.000000
 0.893000 0.000000 0.000000
 0.893500 0.000000 0.000000
 0.894000 0.000000 0.000000
 0.894500 0.000000 0.000000
 0.895000 0.000000 0.000000
 0.895500 0.000000 0.000000
 0.896000 0.000000 0.000000
 0.896500 0.000000 0.000000
 0.897000 0.000000 0.000000
 0.897500 0.000000 0.000000
 0.898000 0.000000 0.000000
 0.898500 0.000000 0.000000
 0.899000 0.000000 0.000000
 0.899500 0.000000 0.000000
 0.900000 0.000000 0.000000
 0.900500 0.000000 0.000000
 0.901000 0.000000 0.000000
 0.901500 0.000000 0.000000
 0.902000 0.000000 0.000000
 0.902500 0.000000 0.000000
 0.903000 0.000000 0.000000
 0.903500 0.000000 0.000000
 0.904000 0.000000 0.000000
 0.904500 0.000000 0.000000
 0.905000 0.000000 0.000000
 0.905500 0.000000 0.000000
 0.906000 0.000000 0.000000
 0.906500 0.000000 0.000000
 0.907000 0.000000 0.000000
 0.907500 0.000000 0.000000
 0.908000 0.000000 0.000000
 0.908500 0.000000 0.000000
 0.909000 0.000000 0.000000
 0.909500 0.000000 0.000000
 0.910000 0.000000 0.000000
 0.910500 0.000000 0.000000
 0.911000 0.000000 0.000000
 0.911500 0.000000 0.000000
 0.912000 0.000000 0.000000
 0.912500 0.000000 0.000000
 0.913000 0.000000 0.000000
 0.913500 0.000000 0.000000
 0.914000 0.000000 0.000000
 0.914500 0.000000 0.000000
 0.915000 0.000000 0.000000
 0.915500 0.000000 0.000000
 0.916000 0.000000 0.000000
 0.916500 0.000000 0.000000
 0.917000 0.000000 0.000000
 0.917500 0.000000 0.000000
 0.918000 0.000000 0.000000
 0.918500 0.000000 0.000000
 0.919000 0.000000 0.000000
 0.919500 0.000000 0.000000
 0.920000 0.000000 0.000000
 0.920500 0.000000 0.000000
 0.921000 0.000000 0.000000
 0.921500 0.000000 0.000000
 0.922000 0.000000 0.000000
 0.922500 0.000000 0.000000
 0.923000 0.000000 0.000000
 0.923500 0.000000 0.000000
 0.924000 0.000000 0.000000
 0.924500 0.000000 0.000000
 0.925000 0.000000 0.000000
 0.925500 0.000000 0.000000
 0.926000 0.000000 0.000000
 0.926500 0.000000 0.000000
 0.927000 0.000000 0.000000
 0.927500 0.000000 0.000000
 0.928000 0.000000 0.000000
 0.928500 0.000000 0.000000
 0.929000 0.000000 0.000000
 0.929500 0.000000 0.000000
 0.930000 0.000000 0.000000
 0.930500 0.000000 0.000000
 0.931000 0.000000 0.000000
 0.931500 0.000000 0.000000
 0.932000 0.000000 0.000000
 0.932500 0.000000 0.000000
 0.933000 0.000000 0.000000
 0.933500 0.000000 0.000000
 0.934000 0.000000 0.000000
 0.934500 0.000000 0.000000
 0.935000 0.000000 0.000000
 0.935500 0.000000 0.000000
 0.936000 0.000000 0.000000
 0.936500 0.000000 0.000000
 0.937000 0.000000 0.000000
 0.937500 0.000000 0.000000
 0.938000 0.000000 0.000000
 0.938500 0.000000 0.000000
 0.939000 0.000000 0.000000
 0.939500 0.000000 0.000000
 0.940000 0.000000 0.000000
 0.940500 0.000000 0.000000
 0.941000 0.000000 0.000000
 0.941500 0.000000 0.000000
 0.942000 0.000000 0.000000
 0.942500 0.000000 0.000000
 0.943000 0.000000 0.000000
 0.943500 0.000000 0.000000
 0.944000 0.000000 0.000000
 0.944500 0.000000 0.000000
 0.945000 0.000000 0.000000
 0.945500 0.000000 0.000000
 0.946000 0.000000 0.000000
 0.946500 0.000000 0.000000
 0.947000 0.000000 0.000000
 0.947500 0.000000 0.000000
 0.948000 0.000000 0.000000
 0.948500 0.000000 0.000000
 0.949000 0.000000 0.000000
 0.949500 0.000000 0.000000
 0.950000 0.000000 0.000000
 0.950500 0.000000 0.000000
 0.951000 0.000000 0.000000
 0.951500 0.000000 0.000000
 0.952000 0.000000 0.000000
 0.952500 0.000000 0.000000
 0.953000 0.000000 0.000000
 0.953500 0.000000 0.000000
 0.954000 0.000000 0.000000
 0.954500 0.000000 0.000000
 0.955000 0.000000 0.000000
 0.955500 0.000000 0.000000
 0.956000 0.000000 0.000000
 0.956500 0.000000 0.000000
 0.957000 0.000000 0.000000
 0.957500 0.000000 0.000000
 0.958000 0.000000 0.000000
 0.958500 0.000000 0.000000
 0.959000 0.000000 0.000000
 0.959500 0.000000 0.000000
 0.960000 0.000000 0.000000
 0.960500 0.000000 0.000000
 0.961000 0.000000 0.000000
 0.961500 0.000000 0.000000
 0.962000 0.000000 0.000000
 0.962500 0.000000 0.000000
 0.963000 0.000000 0.000000
 0.963500 0.000000 0.000000
 0.964000 0.000000 0.000000
 0.964500 0.000000 0.000000
 0.965000 0.000000 0.000000
 0.965500 0.000000 0.000000
 0.966000 0.000000 0.000000
 0.966500 0.000000 0.000000
 0.967000 0.000000 0.000000
 0.967500 0.000000 0.000000
 0.968000 0.000000 0.000000
 0.968500 0.000000 0.000000
 0.969000 0.000000 0.000000
 0.969500 0.000000 0.000000
 0.970000 0.000000 0.000000
 0.970500 0.000000 0.000000
 0.971000 0.000000 0.000000
 0.971500 0.000000 0.000000
 0.972000 0.000000 0.000000
 0.972500 0.000000 0.000000
 0.973000 0.000000 0.000000
 0.973500 0.000000 0.000000
 0.974000 0.000000 0.000000
 0.974500 0.000000 0.000000
 0.975000 0.000000 0.000000
 0.975500 0.000000 0.000000
 0.976000 0.000000 0.000000
 0.976500 0.000000 0.000000
 0.977000 0.000000 0.000000
 0.977500 0.000000 0.000000
 0.978000 0.000000 0.000000
 0.978500 0.000000 0.000000
 0.979000 0.000000 0.000000
 0.979500 0.000000 0.000000
 0.980000 0.000000 0.000000
 0.980500 0.000000 0.000000
 0.981000 0.000000 0.000000
 0.981500 0.000000 0.000000
 0.982000 0.000000 0.000000
 0.982500 0.000000 0.000000
 0.983000 0.000000 0.000000
 0.983500 0.000000 0.000000
 0.984000 0.000000 0.000000
 0.984500 0.000000 0.000000
 0.985000 0.000000 0.000000
 0.985500 0.000000 0.000000
 0.986000 0.000000 0.000000
 0.986500 0.000000 0.000000
 0.987000 0.000000 0.000000
 0.987500 0.000000 0.000000
 0.988000 0.000000 0.000000
 0.988500 0.000000 0.000000
 0.989000 0.000000 0.000000
 0.989500 0.000000 0.000000
 0.990000 0.000000 0.000000
 0.990500 0.000000 0.000000
 0.991000 0.000000 0.000000
 0.991500 0.000000 0.000000
 0.992000 0.000000 0.000000
 0.992500 0.000000 0.000000
 0.993000 0.000000 0.000000
 0.993500 0.000000 0.000000
 0.994000 0.000000 0.000000
 0.994500 0.000000 0.000000
 0.995000 0.000000 0.000000
 0.995500 0.000000 0.000000
 0.996000 0.000000 0.000000
 0.996500 0.000000 0.000000
 0.997000 0.000000 0.000000
 0.997500 0.000000 0.000000
 0.998000 0.000000 0.000000
 0.998500 0.000000 0.000000
 0.999000 0.000000 0.000000
 0.999500 0.000000 0.000000
 1.000000 0.000000 0.000000
