
5 atoms

Coords

1        0.0000140000      0.0000460000      0.0000350000  
2        0.5288090000      0.1610480000      0.9359550000                                
3        0.2051360000      0.8240210000     -0.6785910000                 
4        0.3345510000     -0.9314000000     -0.4495510000                 
5       -1.0685100000     -0.0537150000      0.1921520000                 

Types

1        3
2        2
3        2
4        2
5        2

Charges

1       0
2       0
3       0
4       0
5       0

