#! FIELDS nm external.bias der_nm
#! SET min_nm 0.0
#! SET max_nm 1.0
#! SET nbins_nm  2001
#! SET periodic_nm false
    0.000000000    0.019655575  801.485608335
    0.000500000   -0.040623645 -169.995414598
    0.001000000    0.017835487  -22.577065934
    0.001500000   -0.009137694  100.955818761
    0.002000000   -0.055977234   67.683913739
    0.002500000   -0.068421382  -17.373034043
    0.003000000   -0.044696486  -68.238374385
    0.003500000   -0.009740049  -63.154222972
    0.004000000    0.012377916  -21.905881087
    0.004500000    0.011335936   24.644528085
    0.005000000   -0.009265972   53.705360762
    0.005500000   -0.037989358   56.910764490
    0.006000000   -0.062495466   38.252624447
    0.006500000   -0.074383178    8.469597255
    0.007000000   -0.071096107  -20.632913268
    0.007500000   -0.055375409  -40.148276546
    0.008000000   -0.033275620  -45.855762268
    0.008500000   -0.011772571  -38.160488287
    0.009000000    0.003274297  -20.857190753
    0.009500000    0.008394967    0.584717777
    0.010000000    0.002923790   20.663518265
    0.010500000   -0.011312964   35.073319574
    0.011000000   -0.030787283   41.378246804
    0.011500000   -0.051259219   39.149704011
    0.012000000   -0.068723947   29.682593951
    0.012500000   -0.080144733   15.450668195
    0.013000000   -0.083882424   -0.537395396
    0.013500000   -0.079807033  -15.346453819
    0.014000000   -0.069134359  -26.594428610
    0.014500000   -0.054066190  -32.753852191
    0.015000000   -0.037326883  -33.266084471
    0.015500000   -0.021685765  -28.489301136
    0.016000000   -0.009538912  -19.520808465
    0.016500000   -0.002600956   -7.943052239
    0.017000000   -0.001732608    4.457437075
    0.017500000   -0.006906406   15.955593512
    0.018000000   -0.017294459   25.105955185
    0.018500000   -0.031449075   30.893800144
    0.019000000   -0.047540386   32.811723212
    0.019500000   -0.063614041   30.864487607
    0.020000000   -0.077835492   25.512891407
    0.020500000   -0.088694198   17.572470828
    0.021000000   -0.095149660    8.085175334
    0.021500000   -0.096710309   -1.817962463
    0.022000000   -0.093444885  -11.047154998
    0.022500000   -0.085933119  -18.664497434
    0.023000000   -0.075167917  -23.966247384
    0.023500000   -0.062424512  -26.532263252
    0.024000000   -0.049113297  -26.242023677
    0.024500000   -0.036632499  -23.259956003
    0.025000000   -0.026234812  -17.995306071
    0.025500000   -0.018919051  -11.043398490
    0.026000000   -0.015354253   -3.115876273
    0.026500000   -0.015839836    5.032542217
    0.027000000   -0.020301798   12.673953919
    0.027500000   -0.028321826   19.168159816
    0.028000000   -0.039193687   24.010391609
    0.028500000   -0.051999643   26.863337162
    0.029000000   -0.065698710   27.572525139
    0.029500000   -0.079218544   26.165582824
    0.030000000   -0.091543252   22.837096112
    0.030500000   -0.101790574   17.921718736
    0.031000000   -0.109273351   11.858772440
    0.031500000   -0.113541894    5.151853255
    0.032000000   -0.114405640   -1.673063265
    0.032500000   -0.111934163   -8.107799897
    0.033000000   -0.106439112  -13.697693695
    0.033500000   -0.098439863  -18.070715500
    0.034000000   -0.088616579  -20.958545604
    0.034500000   -0.077754905  -22.208864308
    0.035000000   -0.066686754  -21.788791004
    0.035500000   -0.056231472  -19.780007742
    0.036000000   -0.047141322  -16.366602306
    0.036500000   -0.040054576  -11.817041939
    0.037000000   -0.035458746   -6.461932798
    0.037500000   -0.033665625   -0.669332418
    0.038000000   -0.034798904    5.180628407
    0.038500000   -0.038794324   10.720176793
    0.039000000   -0.045411488   15.615951506
    0.039500000   -0.054255866   19.587521505
    0.040000000   -0.064808988   22.421526066
    0.040500000   -0.076464507   23.980926608
    0.041000000   -0.088567612   24.209190713
    0.041500000   -0.100455295   23.129537792
    0.042000000   -0.111495079   20.839647742
    0.042500000   -0.121120097   17.502457659
    0.043000000   -0.128858752   13.333839514
    0.043500000   -0.134357618    8.588060334
    0.044000000   -0.137396725    3.541975873
    0.044500000   -0.137896814   -1.521097665
    0.045000000   -0.135918630   -6.326945729
    0.045500000   -0.131654755  -10.624661697
    0.046000000   -0.125414811  -14.198839078
    0.046500000   -0.117605169  -16.879245609
    0.047000000   -0.108704545  -18.547642353
    0.047500000   -0.099236919  -19.141581081
    0.048000000   -0.089743325  -18.655177791
    0.048500000   -0.080753980  -17.137011389
    0.049000000   -0.072762123  -14.685428123
    0.049500000   -0.066200777  -11.441639717
    0.050000000   -0.061423414   -7.581083190
    0.050500000   -0.058689265   -3.303561671
    0.051000000   -0.058153758    1.177291808
    0.051500000   -0.059864274    5.644690147
    0.052000000   -0.063761173    9.888999570
    0.052500000   -0.069683786   13.717221116
    0.053000000   -0.077380853   16.961256580
    0.053500000   -0.086524731   19.484649779
    0.054000000   -0.096728537   21.187582605
    0.054500000   -0.107565332   22.009997354
    0.055000000   -0.118588375   21.932807977
    0.055500000   -0.129351533   20.977249252
    0.056000000   -0.139428902   19.202491043
    0.056500000   -0.148432860   16.701712082
    0.057000000   -0.156029813   13.596882038
    0.057500000   -0.161953069   10.032540713
    0.058000000   -0.166012422    6.168888417
    0.058500000   -0.168100165    2.174511995
    0.059000000   -0.168193456   -1.780932745
    0.059500000   -0.166353068   -5.533778087
    0.060000000   -0.162718740   -8.932864845
    0.060500000   -0.157501443  -11.845287399
    0.061000000   -0.150973025  -14.161169137
    0.061500000   -0.143453725  -15.797323579
    0.062000000   -0.135298166  -16.699708590
    0.062500000   -0.126880429  -16.844633594
    0.063000000   -0.118578832  -16.238730570
    0.063500000   -0.110761028  -14.917746932
    0.064000000   -0.103769968  -12.944260654
    0.064500000   -0.097911263  -10.404453887
    0.065000000   -0.093442354   -7.404109914
    0.065500000   -0.090563833   -4.064019024
    0.066000000   -0.089413184   -0.514991470
    0.066500000   -0.090061054    3.107319801
    0.067000000   -0.092510134    6.667587166
    0.067500000   -0.096696573   10.035777894
    0.068000000   -0.102493798   13.091752697
    0.068500000   -0.109718498   15.729342524
    0.069000000   -0.118138502   17.859778987
    0.069500000   -0.127482182   19.414382811
    0.070000000   -0.137449000   20.346445596
    0.070500000   -0.147720792   20.632271596
    0.071000000   -0.157973359   20.271377175
    0.071500000   -0.167887950   19.285874917
    0.072000000   -0.177162247   17.719096272
    0.072500000   -0.185520489   15.633530212
    0.073000000   -0.192722405   13.108175130
    0.073500000   -0.198570709   10.235416683
    0.074000000   -0.202916936    7.117555116
    0.074500000   -0.205665487    3.863111837
    0.075000000   -0.206775785    0.583046570
    0.075500000   -0.206262566   -2.612986386
    0.076000000   -0.204194311   -5.620221185
    0.076500000   -0.200689968   -8.342091635
    0.077000000   -0.195914094  -10.693173044
    0.077500000   -0.190070645  -12.601673281
    0.078000000   -0.183395643  -14.011409479
    0.078500000   -0.176148989  -14.883225899
    0.079000000   -0.168605720  -15.195828015
    0.079500000   -0.161046993  -14.946027301
    0.080000000   -0.153751090  -14.148409877
    0.080500000   -0.146984726  -12.834459586
    0.081000000   -0.140994928  -11.051181703
    0.081500000   -0.136001711   -8.859287005
    0.082000000   -0.132191756   -6.331007001
    0.082500000   -0.129713257   -3.547619539
    0.083000000   -0.128672066   -0.596769648
    0.083500000   -0.129129199    2.430326663
    0.084000000   -0.131099762    5.441707859
    0.084500000   -0.134553273    8.347436278
    0.085000000   -0.139415337   11.062231123
    0.085500000   -0.145570596   13.507891766
    0.086000000   -0.152866816   15.615446992
    0.086500000   -0.161119969   17.326976229
    0.087000000   -0.170120143   18.597060334
    0.087500000   -0.179638065   19.393831766
    0.088000000   -0.189432061   19.699606591
    0.088500000   -0.199255211   19.511093354
    0.089000000   -0.208862513   18.839186046
    0.089500000   -0.218017841   17.708359909
    0.090000000   -0.226500504   16.155699321
    0.090500000   -0.234111245   14.229596253
    0.091000000   -0.240677502   11.988165616
    0.091500000   -0.246057827    9.497430040
    0.092000000   -0.250145350    6.829331139
    0.092500000   -0.252870215    4.059627122
    0.093000000   -0.254200949    1.265737637
    0.093500000   -0.254144758   -1.475403910
    0.094000000   -0.252746756   -4.089432556
    0.094500000   -0.250088186   -6.506514236
    0.095000000   -0.246283695   -8.663139254
    0.095500000   -0.241477775  -10.503703661
    0.096000000   -0.235840453  -11.981842520
    0.096500000   -0.229562409  -13.061486761
    0.097000000   -0.222849615  -13.717623524
    0.097500000   -0.215917686  -13.936748326
    0.098000000   -0.208986076  -13.717005767
    0.098500000   -0.202272282  -13.068023700
    0.099000000   -0.195986207  -12.010453551
    0.099500000   -0.190324821  -10.575236596
    0.100000000   -0.185467249   -8.802622448
    0.100500000   -0.181570409   -6.740971436
    0.101000000   -0.178765297   -4.445377116
    0.101500000   -0.177153991   -1.976148528
    0.102000000   -0.176807447    0.602805862
    0.102500000   -0.177764113    3.225649391
    0.103000000   -0.180029389    5.826300436
    0.103500000   -0.183575919    8.340085478
    0.104000000   -0.188344692   10.705321803
    0.104500000   -0.194246914   12.864792636
    0.105000000   -0.201166582   14.767081195
    0.105500000   -0.208963679   16.367734601
    0.106000000   -0.217477909   17.630233583
    0.106500000   -0.226532864   18.526749302
    0.107000000   -0.235940507   19.038674293
    0.107500000   -0.245505872   19.156920323
    0.108000000   -0.255031844   18.881981766
    0.108500000   -0.264323924   18.223768664
    0.109000000   -0.273194843   17.201219054
    0.109500000   -0.281468940   15.841705036
    0.110000000   -0.288986187   14.180251530
    0.110500000   -0.295605792   12.258590517
    0.111000000   -0.301209278   10.124076787
    0.111500000   -0.305703006    7.828493696
    0.112000000   -0.309020073    5.426779228
    0.112500000   -0.311121556    2.975703652
    0.113000000   -0.311997098    0.532530338
    0.113500000   -0.311664820   -1.846309170
    0.114000000   -0.310170583   -4.106495867
    0.114500000   -0.307586624   -6.197031670
    0.115000000   -0.304009618   -8.071349682
    0.115500000   -0.299558204   -9.688303484
    0.116000000   -0.294370060  -11.013015892
    0.116500000   -0.288598589  -12.017571275
    0.117000000   -0.282409297  -12.681539429
    0.117500000   -0.275975958  -12.992323050
    0.118000000   -0.269476649  -12.945324970
    0.118500000   -0.263089742  -12.543935357
    0.119000000   -0.256989955  -11.799343073
    0.119500000   -0.251344533  -10.730179090
    0.120000000   -0.246309646   -9.362003356
    0.120500000   -0.242027090   -7.726649597
    0.121000000   -0.238621331   -5.861445280
    0.121500000   -0.236196984   -3.808326216
    0.122000000   -0.234836742   -1.612867076
    0.122500000   -0.234599818    0.676749620
    0.123000000   -0.235520901    3.010802729
    0.123500000   -0.237609661    5.339116341
    0.124000000   -0.240850792    7.612134950
    0.124500000   -0.245204583    9.781967372
    0.125000000   -0.250608002   11.803378006
    0.125500000   -0.256976256   13.634705671
    0.126000000   -0.264204789   15.238692226
    0.126500000   -0.272171671   16.583205454
    0.127000000   -0.280740314   17.641843279
    0.127500000   -0.289762466   18.394409114
    0.128000000   -0.299081398   18.827251035
    0.128500000   -0.308535240   18.933460464
    0.129000000   -0.317960365   18.712928978
    0.129500000   -0.327194777   18.172264846
    0.130000000   -0.336081424   17.324573654
    0.130500000   -0.344471357   16.189110094
    0.131000000   -0.352226700   14.790810394
    0.131500000   -0.359223344   13.159717104
    0.132000000   -0.365353344   11.330309817
    0.132500000   -0.370526947    9.340757024
    0.133000000   -0.374674240    7.232105532
    0.133500000   -0.377746375    5.047424741
    0.134000000   -0.379716360    2.830923645
    0.134500000   -0.380579408    0.627058526
    0.135000000   -0.380352836   -1.520350859
    0.135500000   -0.379075533   -3.568979340
    0.136000000   -0.376807006   -5.478812293
    0.136500000   -0.373626032   -7.212904256
    0.137000000   -0.369628948   -8.738066444
    0.137500000   -0.364927619  -10.025471043
    0.138000000   -0.359647125  -11.051162046
    0.138500000   -0.353923220  -11.796464377
    0.139000000   -0.347899607  -12.248285215
    0.139500000   -0.341725101  -12.399303577
    0.140000000   -0.335550715  -12.248046480
    0.140500000   -0.329526742  -11.798852151
    0.141000000   -0.323799882  -11.061722931
    0.141500000   -0.318510467  -10.052072537
    0.142000000   -0.313789843   -8.790374237
    0.142500000   -0.309757942   -7.301718260
    0.143000000   -0.306521107   -5.615288280
    0.143500000   -0.304170185   -3.763768137
    0.144000000   -0.302778943   -1.782691051
    0.144500000   -0.302402813    0.290255584
    0.145000000   -0.303077995    2.415956169
    0.145500000   -0.304820928    4.554609680
    0.146000000   -0.307628136    6.666475227
    0.146500000   -0.311476439    8.712606629
    0.147000000   -0.316323534   10.655562659
    0.147500000   -0.322108913   12.460080319
    0.148000000   -0.328755113   14.093699450
    0.148500000   -0.336169259   15.527328028
    0.149000000   -0.344244881   16.735738825
    0.149500000   -0.352863946   17.697989490
    0.150000000   -0.361899096   18.397759659
    0.150500000   -0.371216022   18.823600292
    0.151000000   -0.380675943   18.969092110
    0.151500000   -0.390138141   18.832911690
    0.152000000   -0.399462506   18.418805441
    0.152500000   -0.408512049   17.735473318
    0.153000000   -0.417155326   16.796365716
    0.153500000   -0.425268749   15.619398454
    0.154000000   -0.432738730   14.226592096
    0.154500000   -0.439463633   12.643643128
    0.155000000   -0.445355482   10.899435520
    0.155500000   -0.450341436    9.025502138
    0.156000000   -0.454364956    7.055446169
    0.156500000   -0.457386701    5.024333234
    0.157000000   -0.459385096    2.968065207
    0.157500000   -0.460356593    0.922746877
    0.158000000   -0.460315620   -1.075943472
    0.158500000   -0.459294203   -2.993368742
    0.159000000   -0.457341308   -4.796522593
    0.159500000   -0.454521878   -6.454584100
    0.160000000   -0.450915611   -7.939428507
    0.160500000   -0.446615500   -9.226085941
    0.161000000   -0.441726147  -10.293140979
    0.161500000   -0.436361904  -11.123067118
    0.162000000   -0.430644855  -11.702491339
    0.162500000   -0.424702692  -12.022385260
    0.163000000   -0.418666511  -12.078180655
    0.163500000   -0.412668564  -11.869808417
    0.164000000   -0.406840023  -11.401661342
    0.164500000   -0.401308765  -10.682482396
    0.165000000   -0.396197249   -9.725181311
    0.165500000   -0.391620486   -8.546583550
    0.166000000   -0.387684162   -7.167116694
    0.166500000   -0.384482920   -5.610440289
    0.167000000   -0.382098857   -3.903026034
    0.167500000   -0.380600224   -2.073695882
    0.168000000   -0.380040375   -0.153126217
    0.168500000   -0.380456974    1.826673294
    0.169000000   -0.381871454    3.832897319
    0.169500000   -0.384288764    5.832489912
    0.170000000   -0.387697374    7.792688040
    0.170500000   -0.392069556    9.681554718
    0.171000000   -0.397361930   11.468493251
    0.171500000   -0.403516254   13.124734458
    0.172000000   -0.410460452   14.623789356
    0.172500000   -0.418109862   15.941860422
    0.173000000   -0.426368673   17.058205317
    0.173500000   -0.435131530   17.955447828
    0.174000000   -0.444285290   18.619831682
    0.174500000   -0.453710873   19.041413876
    0.175000000   -0.463285214   19.214195169
    0.175500000   -0.472883248   19.136186416
    0.176000000   -0.482379918   18.809410463
    0.176500000   -0.491652171   18.239840341
    0.177000000   -0.500580905   17.437275493
    0.177500000   -0.509052836   16.415158716
    0.178000000   -0.516962262   15.190337400
    0.178500000   -0.524212701   13.782773462
    0.179000000   -0.530718355   12.215207119
    0.179500000   -0.536405420   10.512780282
    0.180000000   -0.541213173    8.702625931
    0.180500000   -0.545094866    6.813430228
    0.181000000   -0.548018389    4.874974495
    0.181500000   -0.549966697    2.917664380
    0.182000000   -0.550938005    0.972053640
    0.182500000   -0.550945743   -0.931630064
    0.183000000   -0.550018276   -2.763950063
    0.183500000   -0.548198396   -4.496709238
    0.184000000   -0.545542594   -6.103375544
    0.184500000   -0.542120128   -7.559478243
    0.185000000   -0.538011900   -8.842969109
    0.185500000   -0.533309162   -9.934543501
    0.186000000   -0.528112074  -10.817916841
    0.186500000   -0.522528137  -11.480052797
    0.187000000   -0.516670516  -11.911340223
    0.187500000   -0.510656302  -12.105716745
    0.188000000   -0.504604712  -12.060737679
    0.188500000   -0.498635279  -11.777589838
    0.189000000   -0.492866040  -11.261050590
    0.189500000   -0.487411767  -10.519393355
    0.190000000   -0.482382247   -9.564241517
    0.190500000   -0.477880661   -8.410373461
    0.191000000   -0.474002059   -7.075482134
    0.191500000   -0.470831974   -5.579893186
    0.192000000   -0.468445186   -3.946246282
    0.192500000   -0.466904646   -2.199144678
    0.193000000   -0.466260592   -0.364778554
    0.193500000   -0.466549853    1.529472066
    0.194000000   -0.467795354    3.455448779
    0.194500000   -0.470005836    5.384634455
    0.195000000   -0.473175778    7.288574849
    0.195500000   -0.477285536    9.139295993
    0.196000000   -0.482301683   10.909711302
    0.196500000   -0.488177552   12.574012579
    0.197000000   -0.494853972   14.108039383
    0.197500000   -0.502260171   15.489621599
    0.198000000   -0.510314860   16.698890524
    0.198500000   -0.518927445   17.718554251
    0.199000000   -0.527999384   18.534133737
    0.199500000   -0.537425635   19.134156506
    0.200000000   -0.547096210   19.510305615
    0.200500000   -0.556897767   19.657522152
    0.201000000   -0.566715267   19.574060249
    0.201500000   -0.576433625   19.261494230
    0.202000000   -0.585939368   18.724678269
    0.202500000   -0.595122253   17.971659536
    0.203000000   -0.603876829   17.013546502
    0.203500000   -0.612103934   15.864334683
    0.204000000   -0.619712079   14.540692652
    0.204500000   -0.626618725   13.061711719
    0.205000000   -0.632751429   11.448623124
    0.205500000   -0.638048832    9.724487014
    0.206000000   -0.642461494    7.913857820
    0.206500000   -0.645952553    6.042430944
    0.207000000   -0.648498202    4.136675861
    0.207500000   -0.650087985    2.223460875
    0.208000000   -0.650724903    0.329674853
    0.208500000   -0.650425325   -1.518148785
    0.209000000   -0.649218722   -3.294200601
    0.209500000   -0.647147215   -4.973751149
    0.210000000   -0.644264949   -6.533489644
    0.210500000   -0.640637302   -7.951840738
    0.211000000   -0.636339944   -9.209255221
    0.211500000   -0.631457760  -10.288470856
    0.212000000   -0.626083646  -11.174740006
    0.212500000   -0.620317201  -11.856021201
    0.213000000   -0.614263336  -12.323132310
    0.213500000   -0.608030815  -12.569863536
    0.214000000   -0.601730747  -12.593049019
    0.214500000   -0.595475056  -12.392596389
    0.215000000   -0.589374946  -11.971474225
    0.215500000   -0.583539381  -11.335657893
    0.216000000   -0.578073605  -10.494034860
    0.216500000   -0.573077717   -9.458271062
    0.217000000   -0.568645325   -8.242640435
    0.217500000   -0.564862287   -6.863820219
    0.218000000   -0.561805573   -5.340655025
    0.218500000   -0.559542240   -3.693893105
    0.219000000   -0.558128559   -1.945898568
    0.219500000   -0.557609274   -0.120343571
    0.220000000   -0.558017036    1.758115216
    0.220500000   -0.559371991    3.664171456
    0.221000000   -0.561681538    5.572210745
    0.221500000   -0.564940267    7.456654350
    0.222000000   -0.569130056    9.292300527
    0.222500000   -0.574220347   11.054658874
    0.223000000   -0.580168583   12.720273372
    0.223500000   -0.586920801   14.267029888
    0.224000000   -0.594412379   15.674444217
    0.224500000   -0.602568912   16.923926987
    0.225000000   -0.611307228   17.999022107
    0.225500000   -0.620536503   18.885615815
    0.226000000   -0.630159480   19.572113779
    0.226500000   -0.640073763   20.049584158
    0.227000000   -0.650173183   20.311864995
    0.227500000   -0.660349194   20.355634760
    0.228000000   -0.670492309   20.180445410
    0.228500000   -0.680493534   19.788717753
    0.229000000   -0.690245796   19.185699463
    0.229500000   -0.699645336   18.379386521
    0.230000000   -0.708593058   17.380409347
    0.230500000   -0.716995808   16.201885340
    0.231000000   -0.724767578   14.859239940
    0.231500000   -0.731830605   13.369998734
    0.232000000   -0.738116367   11.753553468
    0.232500000   -0.743566451   10.030905144
    0.233000000   -0.748133288    8.224387642
    0.233500000   -0.751780752    6.357375545
    0.234000000   -0.754484598    4.453979999
    0.234500000   -0.756232757    2.538736567
    0.235000000   -0.757025468    0.636289123
    0.235500000   -0.756875254   -1.228926171
    0.236000000   -0.755806738   -3.032992785
    0.236500000   -0.753856308   -4.752817699
    0.237000000   -0.751071631   -6.366423419
    0.237500000   -0.747511028   -7.853224534
    0.238000000   -0.743242707   -9.194285379
    0.238500000   -0.738343886  -10.372555676
    0.239000000   -0.732899788  -11.373081308
    0.239500000   -0.727002554  -12.183187727
    0.240000000   -0.720750058  -12.792633824
    0.240500000   -0.714244660  -13.193734534
    0.241000000   -0.707591903  -13.381450783
    0.241500000   -0.700899177  -13.353445866
    0.242000000   -0.694274361  -13.110107716
    0.242500000   -0.687824457  -12.654536992
    0.243000000   -0.681654249  -11.992501322
    0.243500000   -0.675864987  -11.132356444
    0.244000000   -0.670553118  -10.084935422
    0.244500000   -0.665809082   -8.863407473
    0.245000000   -0.661716184   -7.483108321
    0.245500000   -0.658349561   -5.961344323
    0.246000000   -0.655775249   -4.317172937
    0.246500000   -0.654049368   -2.571162345
    0.247000000   -0.653217429   -0.745133321
    0.247500000   -0.653313775    1.138113409
    0.248000000   -0.654361164    3.055080882
    0.248500000   -0.656370493    4.981867152
    0.249000000   -0.659340665    6.894460492
    0.249500000   -0.663258614    8.769034891
    0.250000000   -0.668099468   10.582242262
    0.250500000   -0.673826859   12.311497802
    0.251000000   -0.680393375   13.935255058
    0.251500000   -0.687741148   15.433267422
    0.252000000   -0.695802558   16.786832925
    0.252500000   -0.704501073   17.979019459
    0.253000000   -0.713752176   18.994867785
    0.253500000   -0.723464404   19.821569973
    0.254000000   -0.733540457   20.448621250
    0.254500000   -0.743878389   20.867943522
    0.255000000   -0.754372839   21.073979241
    0.255500000   -0.764916311   21.063754605
    0.256000000   -0.775400476   20.836911466
    0.256500000   -0.785717481   20.395707726
    0.257000000   -0.795761250   19.744986328
    0.257500000   -0.805428762   18.892113370
    0.258000000   -0.814621291   17.846886200
    0.258500000   -0.823245595   16.621412733
    0.259000000   -0.831215030   15.229963527
    0.259500000   -0.838450596   13.688798523
    0.260000000   -0.844881876   12.015970574
    0.260500000   -0.850447887   10.231108222
    0.261000000   -0.855097801    8.355180361
    0.261500000   -0.858791561    6.410245649
    0.262000000   -0.861500357    4.419189690
    0.262500000   -0.863206969    2.405453127
    0.263000000   -0.863905983    0.392753892
    0.263500000   -0.863603850   -1.595193097
    0.264000000   -0.862318823   -3.534955504
    0.264500000   -0.860080742   -5.403659115
    0.265000000   -0.856930688   -7.179256148
    0.265500000   -0.852920505   -8.840783227
    0.266000000   -0.848112198  -10.368606033
    0.266500000   -0.842577206  -11.744647837
    0.267000000   -0.836395576  -12.952599315
    0.267500000   -0.829655026  -13.978107263
    0.268000000   -0.822449927  -14.808940107
    0.268500000   -0.814880206  -15.435128369
    0.269000000   -0.807050185  -15.849078544
    0.269500000   -0.799067370  -16.045659172
    0.270000000   -0.791041204  -16.022258215
    0.270500000   -0.783081800  -15.778811157
    0.271000000   -0.775298667  -15.317799631
    0.271500000   -0.767799442  -14.644220661
    0.272000000   -0.760688646  -13.765527006
    0.272500000   -0.754066477  -12.691539361
    0.273000000   -0.748027655  -11.434331529
    0.273500000   -0.742660328  -10.008089979
    0.274000000   -0.738045058   -8.428949458
    0.274500000   -0.734253888   -6.714806637
    0.275000000   -0.731349517   -4.885113981
    0.275500000   -0.729384574   -2.960656248
    0.276000000   -0.728401013   -0.963312242
    0.276500000   -0.728429626    1.084195459
    0.277000000   -0.729489686    3.158559881
    0.277500000   -0.731588724    5.236155196
    0.278000000   -0.734722433    7.293305385
    0.278500000   -0.738874710    9.306552970
    0.279000000   -0.744017836   11.252924790
    0.279500000   -0.750112778   13.110191807
    0.280000000   -0.757109631   14.857120045
    0.280500000   -0.764948167   16.473709856
    0.281000000   -0.773558518   17.941420851
    0.281500000   -0.782861952   19.243380005
    0.282000000   -0.792771759   20.364570657
    0.282500000   -0.803194218   21.292000327
    0.283000000   -0.814029649   22.014845534
    0.283500000   -0.825173530   22.524572055
    0.284000000   -0.836517663   22.815029348
    0.284500000   -0.847951384   22.882518145
    0.285000000   -0.859362804   22.725830546
    0.285500000   -0.870640054   22.346262221
    0.286000000   -0.881672537   21.747596674
    0.286500000   -0.892352159   20.936061791
    0.287000000   -0.902574541   19.920259247
    0.287500000   -0.912240175   18.711067599
    0.288000000   -0.921255538   17.321520223
    0.288500000   -0.929534133   15.766659489
    0.289000000   -0.936997450   14.063368845
    0.289500000   -0.943575845   12.230184722
    0.290000000   -0.949209310   10.287090376
    0.290500000   -0.953848146    8.255293973
    0.291000000   -0.957453516    6.156993406
    0.291500000   -0.959997876    4.015130447
    0.292000000   -0.961465290    1.853136961
    0.292500000   -0.961851602   -0.305324011
    0.293000000   -0.961164495   -2.436619466
    0.293500000   -0.959423404   -4.517407070
    0.294000000   -0.956659309   -6.524892373
    0.294500000   -0.952914400   -8.437079793
    0.295000000   -0.948241612  -10.233014638
    0.295500000   -0.942704050  -11.893013570
    0.296000000   -0.936374296  -13.398880986
    0.296500000   -0.929333619  -14.734109019
    0.297000000   -0.921671078  -15.884058992
    0.297500000   -0.913482553  -16.836122405
    0.298000000   -0.904869690  -17.579859728
    0.298500000   -0.895938787  -18.107115538
    0.299000000   -0.886799631  -18.412108800
    0.299500000   -0.877564293  -18.491497337
    0.300000000   -0.868345893  -18.344415847
    0.300500000   -0.859257365  -17.972487087
    0.301000000   -0.850410211  -17.379806143
    0.301500000   -0.841913277  -16.572897994
    0.302000000   -0.833871549  -15.560648855
    0.302500000   -0.826385004  -14.354212079
    0.303000000   -0.819547496  -12.966889651
    0.303500000   -0.813445721  -11.413990578
    0.304000000   -0.808158252   -9.712667711
    0.304500000   -0.803754663   -7.881734777
    0.305000000   -0.800294747   -5.941465588
    0.305500000   -0.797827840   -3.913377589
    0.306000000   -0.796392255   -1.820002069
    0.306500000   -0.796014838    0.315356501
    0.307000000   -0.796710639    2.468869452
    0.307500000   -0.798482716    4.616438547
    0.308000000   -0.801322067    6.733953571
    0.308500000   -0.805207681    8.797550135
    0.309000000   -0.810106732   10.783864975
    0.309500000   -0.815974891   12.670286040
    0.310000000   -0.822756760   14.435194730
    0.310500000   -0.830386427   16.058197744
    0.311000000   -0.838788139   17.520346082
    0.311500000   -0.847877070   18.804338922
    0.312000000   -0.857560197   19.894710218
    0.312500000   -0.867737254   20.777996075
    0.313000000   -0.878301780   21.442881158
    0.313500000   -0.889142215   21.880322588
    0.314000000   -0.900143070   22.083650066
    0.314500000   -0.911186129   22.048641154
    0.315000000   -0.922151687   21.773570954
    0.315500000   -0.932919808   21.259235666
    0.316000000   -0.943371584   20.508949778
    0.316500000   -0.953390386   19.528516938
    0.317000000   -0.962863103   18.326174793
    0.317500000   -0.971681329   16.912514390
    0.318000000   -0.979742525   15.300374964
    0.318500000   -0.986951106   13.504715212
    0.319000000   -0.993219465   11.542462380
    0.319500000   -0.998468915    9.432340731
    0.320000000   -1.002630542    7.194681155
    0.320500000   -1.005645955    4.851213896
    0.321000000   -1.007467934    2.424846528
    0.321500000   -1.008060956   -0.060570550
    0.322000000   -1.007401610   -2.580488655
    0.322500000   -1.005478882   -5.109912928
    0.323000000   -1.002294311   -7.623659381
    0.323500000   -0.997862023  -10.096614278
    0.324000000   -0.992208629  -12.503993172
    0.324500000   -0.985372997  -14.821596954
    0.325000000   -0.977405895  -17.026062292
    0.325500000   -0.968369513  -19.095103895
    0.326000000   -0.958336866  -21.007746131
    0.326500000   -0.947391084  -22.744541619
    0.327000000   -0.935624595  -24.287774573
    0.327500000   -0.923138214  -25.621646807
    0.328000000   -0.910040140  -26.732444508
    0.328500000   -0.896444876  -27.608684064
    0.329000000   -0.882472084  -28.241235446
    0.329500000   -0.868245382  -28.623421887
    0.330000000   -0.853891096  -28.751094822
    0.330500000   -0.839536982  -28.622683304
    0.331000000   -0.825310936  -28.239217389
    0.331500000   -0.811339684  -27.604325210
    0.332000000   -0.797747496  -26.724203757
    0.332500000   -0.784654913  -25.607563623
    0.333000000   -0.772177508  -24.265548251
    0.333500000   -0.760424695  -22.711628454
    0.334000000   -0.749498597  -20.961473252
    0.334500000   -0.739492985  -19.032798283
    0.335000000   -0.730492296  -16.945193292
    0.335500000   -0.722570743  -14.719930382
    0.336000000   -0.715791525  -12.379754933
    0.336500000   -0.710206147   -9.948661258
    0.337000000   -0.705853853   -7.451655196
    0.337500000   -0.702761185   -4.914506011
    0.338000000   -0.700941660   -2.363490045
    0.338500000   -0.700395586    0.174871338
    0.339000000   -0.701110003    2.674076915
    0.339500000   -0.703058764    5.107911251
    0.340000000   -0.706202737    7.450708184
    0.340500000   -0.710490151    9.677609540
    0.341000000   -0.715857057   11.764816512
    0.341500000   -0.722227927   13.689831180
    0.342000000   -0.729516352   15.431685800
    0.342500000   -0.737625871   16.971157538
    0.343000000   -0.746450887   18.290966532
    0.343500000   -0.755877688   19.375955278
    0.344000000   -0.765785546   20.213247548
    0.344500000   -0.776047896   20.792385218
    0.345000000   -0.786533570   21.105441640
    0.345500000   -0.797108091   21.147110359
    0.346000000   -0.807634997   20.914768286
    0.346500000   -0.817977192   20.408512623
    0.347000000   -0.827998313   19.631171128
    0.347500000   -0.837564091   18.588285556
    0.348000000   -0.846543696   17.288068369
    0.348500000   -0.854811059   15.741333071
    0.349000000   -0.862246149   13.961398787
    0.349500000   -0.868736196   11.963969930
    0.350000000   -0.874176850    9.766992082
    0.350500000   -0.878473257    7.390485412
    0.351000000   -0.881541055    4.856357179
    0.351500000   -0.883307267    2.188195104
    0.352000000   -0.883711079   -0.588956472
    0.352500000   -0.882704517   -3.448835514
    0.353000000   -0.880252989   -6.364214032
    0.353500000   -0.876335706   -9.307160259
    0.354000000   -0.870945961  -12.249308756
    0.354500000   -0.864091285  -15.162135880
    0.355000000   -0.855793448  -18.017237961
    0.355500000   -0.846088339  -20.786609550
    0.356000000   -0.835025688  -23.442919032
    0.356500000   -0.822668668  -25.959778984
    0.357000000   -0.809093355  -28.312008641
    0.357500000   -0.794388061  -30.475885942
    0.358000000   -0.778652543  -32.429386699
    0.358500000   -0.761997099  -34.152408571
    0.359000000   -0.744541556  -35.626977621
    0.359500000   -0.726414154  -36.837435442
    0.360000000   -0.707750350  -37.770604983
    0.360500000   -0.688691538  -38.415933408
    0.361000000   -0.669383707  -38.765610537
    0.361500000   -0.649976048  -38.814661647
    0.362000000   -0.630619512  -38.561013629
    0.362500000   -0.611465356  -38.005533768
    0.363000000   -0.592663663  -37.152040644
    0.363500000   -0.574361875  -36.007286934
    0.364000000   -0.556703329  -34.580914128
    0.364500000   -0.539825836  -32.885379462
    0.365000000   -0.523860295  -30.935855603
    0.365500000   -0.508929365  -28.750103908
    0.366000000   -0.495146209  -26.348322284
    0.366500000   -0.482613316  -23.752968954
    0.367000000   -0.471421425  -20.988563641
    0.367500000   -0.461648543  -18.081467894
    0.368000000   -0.453359086  -15.059646484
    0.368500000   -0.446603138  -11.952411978
    0.369000000   -0.441415849   -8.790154766
    0.369500000   -0.437816959   -5.604060929
    0.370000000   -0.435810480   -2.425820509
    0.370500000   -0.435384513    0.712671219
    0.371000000   -0.436511225    3.779616763
    0.371500000   -0.439146969    6.743620962
    0.372000000   -0.443232568    9.573994307
    0.372500000   -0.448693737   12.241052252
    0.373000000   -0.455441661   14.716407770
    0.373500000   -0.463373716   16.973254458
    0.374000000   -0.472374327   18.986637571
    0.374500000   -0.482315956   20.733710453
    0.375000000   -0.493060221   22.193973967
    0.375500000   -0.504459124   23.349496666
    0.376000000   -0.516356384   24.185113599
    0.376500000   -0.528588866   24.688601837
    0.377000000   -0.540988092   24.850831013
    0.377500000   -0.553381816   24.665887351
    0.378000000   -0.565595664   24.131169937
    0.378500000   -0.577454802   23.247458175
    0.379000000   -0.588785637   22.018949657
    0.379500000   -0.599417537   20.453267912
    0.380000000   -0.609184529   18.561439775
    0.380500000   -0.617926997   16.357842365
    0.381000000   -0.625493333   13.860119952
    0.381500000   -0.631741546   11.089071220
    0.382000000   -0.636540803    8.068507734
    0.382500000   -0.639772895    4.825084629
    0.383000000   -0.641333614    1.388104823
    0.383500000   -0.641134017   -2.210701738
    0.384000000   -0.639101583   -5.937422070
    0.384500000   -0.635181239   -9.756225425
    0.385000000   -0.629336247  -13.629647718
    0.385500000   -0.621548948  -17.518892810
    0.386000000   -0.611821349  -21.384148184
    0.386500000   -0.600175547  -25.184912435
    0.387000000   -0.586653994  -28.880331864
    0.387500000   -0.571319585  -32.429543425
    0.388000000   -0.554255576  -35.792021143
    0.388500000   -0.535565332  -38.927923155
    0.389000000   -0.515371892  -41.798436457
    0.389500000   -0.493817377  -44.366116485
    0.390000000   -0.471062217  -46.595218672
    0.390500000   -0.447284221  -48.452019195
    0.391000000   -0.422677495  -49.905122203
    0.391500000   -0.397451194  -50.925750929
    0.392000000   -0.371828155  -51.488020193
    0.392500000   -0.346043377  -51.569188004
    0.393000000   -0.320342398  -51.149884059
    0.393500000   -0.294979558  -50.214313207
    0.394000000   -0.270216159  -48.750432078
    0.394500000   -0.246318557  -46.750097336
    0.395000000   -0.223556180  -44.209184234
    0.395500000   -0.202199495  -41.127674383
    0.396000000   -0.182517938  -37.509711895
    0.396500000   -0.164777827  -33.363627344
    0.397000000   -0.149240269  -28.701929200
    0.397500000   -0.136159082  -23.541262713
    0.398000000   -0.125778739  -17.902336431
    0.398500000   -0.118332366  -11.809816844
    0.399000000   -0.114039793   -5.292191870
    0.399500000   -0.113105687    1.618395824
    0.400000000   -0.115717767    8.886344453
    0.400500000   -0.122045135   16.472816235
    0.401000000   -0.132236715   24.335986324
    0.401500000   -0.146419828   32.431315688
    0.402000000   -0.164698909   40.711845831
    0.402500000   -0.187154373   49.128513146
    0.403000000   -0.213841647   57.630480470
    0.403500000   -0.244790366   66.165483328
    0.404000000   -0.280003751   74.680188207
    0.404500000   -0.319458167   83.120560114
    0.405000000   -0.363102862   91.432236622
    0.405500000   -0.410859900   99.560905528
    0.406000000   -0.462624281  107.452683264
    0.406500000   -0.518264248  115.054491153
    0.407000000   -0.577621785  122.314426672
    0.407500000   -0.640513292  129.182126898
    0.408000000   -0.706730448  135.609121393
    0.408500000   -0.776041242  141.549171877
    0.409000000   -0.848191166  146.958596125
    0.409500000   -0.922904579  151.796573709
    0.410000000   -0.999886201  156.025431274
    0.410500000   -1.078822759  159.610905288
    0.411000000   -1.159384752  162.522380329
    0.411500000   -1.241228325  164.733101190
    0.412000000   -1.323997252  166.220357303
    0.412500000   -1.407324996  166.965638184
    0.413000000   -1.490836839  166.954758843
    0.413500000   -1.574152075  166.177954336
    0.414000000   -1.656886234  164.629942885
    0.414500000   -1.738653331  162.309957220
    0.415000000   -1.819068128  159.221744065
    0.415500000   -1.897748384  155.373531926
    0.416000000   -1.974317077  150.777967574
    0.416500000   -2.048404598  145.452021871
    0.417000000   -2.119650875  139.416865805
    0.417500000   -2.187707443  132.697717831
    0.418000000   -2.252239421  125.323663819
    0.418500000   -2.312927395  117.327451132
    0.419000000   -2.369469192  108.745258508
    0.419500000   -2.421581534   99.616443633
    0.420000000   -2.469001561   89.983270428
    0.420500000   -2.511488211   79.890618201
    0.421000000   -2.548823453   69.385674975
    0.421500000   -2.580813358   58.517617354
    0.422000000   -2.607289016   47.337279420
    0.422500000   -2.628107277   35.896813189
    0.423000000   -2.643151325   24.249343186
    0.423500000   -2.652331077   12.448617767
    0.424000000   -2.655583405    0.548659752
    0.424500000   -2.652872191  -11.396581029
    0.425000000   -2.644188203  -23.333570756
    0.425500000   -2.629548799  -35.209527721
    0.426000000   -2.608997472  -46.972749113
    0.426500000   -2.582603233  -58.572926194
    0.427000000   -2.550459834  -69.961445669
    0.427500000   -2.512684848  -81.091675200
    0.428000000   -2.469418618  -91.919231159
    0.428500000   -2.420823059 -102.402226851
    0.429000000   -2.367080361 -112.501499651
    0.429500000   -2.308391570 -122.180815633
    0.430000000   -2.244975077 -131.407050498
    0.430500000   -2.177065028 -140.150345788
    0.431000000   -2.104909651 -148.384239573
    0.431500000   -2.028769535 -156.085771021
    0.432000000   -1.948915858 -163.235558466
    0.432500000   -1.865628580 -169.817850777
    0.433000000   -1.779194626 -175.820552089
    0.433500000   -1.689906053 -181.235220109
    0.434000000   -1.598058234 -186.057038454
    0.434500000   -1.503948050 -190.284763644
    0.435000000   -1.407872129 -193.920647591
    0.435500000   -1.310125119 -196.970336575
    0.436000000   -1.210998023 -199.442747881
    0.436500000   -1.110776594 -201.349925433
    0.437000000   -1.009739817 -202.706875891
    0.437500000   -0.908158472 -203.531386823
    0.438000000   -0.806293789 -203.843828664
    0.438500000   -0.704396210 -203.666942281
    0.439000000   -0.602704264 -203.025614058
    0.439500000   -0.501443546 -201.946640457
    0.440000000   -0.400825828 -200.458484083
    0.440500000   -0.301048286 -198.591023310
    0.441000000   -0.202292854 -196.375297527
    0.441500000   -0.104725712 -193.843250083
    0.442000000   -0.008496895 -191.027470976
    0.442500000    0.086259966 -187.960941301
    0.443000000    0.179427775 -184.676781423
    0.443500000    0.270905980 -181.208004779
    0.444000000    0.360610458 -177.587279116
    0.444500000    0.448473287 -173.846696910
    0.445000000    0.534442401 -170.017556555
    0.445500000    0.618481141 -166.130155856
    0.446000000    0.700567705 -162.213599169
    0.446500000    0.780694511 -158.295619434
    0.447000000    0.858867464 -154.402416187
    0.447500000    0.935105154 -150.558510482
    0.448000000    1.009437987 -146.786617501
    0.448500000    1.081907251 -143.107537471
    0.449000000    1.152564137 -139.540065325
    0.449500000    1.221468716 -136.100919416
    0.450000000    1.288688888 -132.804689383
    0.450500000    1.354299308 -129.663803139
    0.451000000    1.418380302 -126.688512775
    0.451500000    1.481016779 -123.886899039
    0.452000000    1.542297148 -121.264893857
    0.452500000    1.602312256 -118.826320281
    0.453000000    1.661154346 -116.572949056
    0.453500000    1.718916048 -114.504570921
    0.454000000    1.775689409 -112.619083607
    0.454500000    1.831564974 -110.912592413
    0.455000000    1.886630914 -109.379523145
    0.455500000    1.940972220 -108.012746118
    0.456000000    1.994669957 -106.803709844
    0.456500000    2.047800588 -105.742583008
    0.457000000    2.100435370 -104.818403245
    0.457500000    2.152639830 -104.019231248
    0.458000000    2.204473313 -103.332308695
    0.458500000    2.255988614 -102.744218484
    0.459000000    2.307231686 -102.241045798
    0.459500000    2.358241438 -101.808538524
    0.460000000    2.409049597 -101.432265597
    0.460500000    2.459680666 -101.097771895
    0.461000000    2.510151943 -100.790728359
    0.461500000    2.560473624 -100.497076103
    0.462000000    2.610648973 -100.203163335
    0.462500000    2.660674554  -99.895874029
    0.463000000    2.710540536  -99.562747359
    0.463500000    2.760231041  -99.192087032
    0.464000000    2.809724557  -98.773059760
    0.464500000    2.858994387  -98.295782217
    0.465000000    2.908009148  -97.751395978
    0.465500000    2.956733297  -97.132130006
    0.466000000    3.005127686  -96.431350448
    0.466500000    3.053150145  -95.643597544
    0.467000000    3.100756071  -94.764609653
    0.467500000    3.147899033  -93.791334463
    0.468000000    3.194531377  -92.721927597
    0.468500000    3.240604824  -91.555738946
    0.469000000    3.286071066  -90.293287149
    0.469500000    3.330882336  -88.936222752
    0.470000000    3.374991970  -87.487280688
    0.470500000    3.418354926  -85.950222780
    0.471000000    3.460928289  -84.329771083
    0.471500000    3.502671728  -82.631532915
    0.472000000    3.543547922  -80.861918529
    0.472500000    3.583522934  -79.028052397
    0.473000000    3.622566553  -77.137679135
    0.473500000    3.660652571  -75.199065129
    0.474000000    3.697759024  -73.220896947
    0.474500000    3.733868375  -71.212177608
    0.475000000    3.768967645  -69.182121824
    0.475500000    3.803048494  -67.140051267
    0.476000000    3.836107249  -65.095290943
    0.476500000    3.868144876  -63.057067691
    0.477000000    3.899166912  -61.034411789
    0.477500000    3.929183341  -59.036062624
    0.478000000    3.958208422  -57.070379298
    0.478500000    3.986260483  -55.145256994
    0.479000000    4.013361668  -53.268049850
    0.479500000    4.039537647  -51.445501004
    0.480000000    4.064817295  -49.683680419
    0.480500000    4.089232343  -47.987930965
    0.481000000    4.112817004  -46.362823182
    0.481500000    4.135607572  -44.812119039
    0.482000000    4.157642016  -43.338744914
    0.482500000    4.178959555  -41.944773912
    0.483000000    4.199600230  -40.631417565
    0.483500000    4.219604472  -39.399026835
    0.484000000    4.239012673  -38.247102277
    0.484500000    4.257864768  -37.174313110
    0.485000000    4.276199824  -36.178524856
    0.485500000    4.294055646  -35.256835152
    0.486000000    4.311468408  -34.405617216
    0.486500000    4.328472296  -33.620570431
    0.487000000    4.345099190  -32.896777409
    0.487500000    4.361378373  -32.228766847
    0.488000000    4.377336264  -31.610581450
    0.488500000    4.392996199  -31.035850141
    0.489000000    4.408378239  -30.497863757
    0.489500000    4.423499026  -29.989653374
    0.490000000    4.438371665  -29.504070445
    0.490500000    4.453005660  -29.033867856
    0.491000000    4.467406885  -28.571781066
    0.491500000    4.481577593  -28.110608473
    0.492000000    4.495516468  -27.643290167
    0.492500000    4.509218716  -27.162984282
    0.493000000    4.522676194  -26.663140152
    0.493500000    4.535877566  -26.137567558
    0.494000000    4.548808510  -25.580501369
    0.494500000    4.561451936  -24.986660956
    0.495000000    4.573788248  -24.351303797
    0.495500000    4.585795624  -23.670272788
    0.496000000    4.597450316  -22.940036799
    0.496500000    4.608726977  -22.157724136
    0.497000000    4.619598993  -21.321148604
    0.497500000    4.630038831  -20.428827985
    0.498000000    4.640018398  -19.479994777
    0.498500000    4.649509395  -18.474599170
    0.499000000    4.658483676  -17.413304280
    0.499500000    4.666913606  -16.297473763
    0.500000000    4.674772398  -15.129151981
    0.500500000    4.682034455  -13.911037007
    0.501000000    4.688675686  -12.646446796
    0.501500000    4.694673803  -11.339278924
    0.502000000    4.700008604   -9.993964369
    0.502500000    4.704662226   -8.615415857
    0.503000000    4.708619369   -7.208971353
    0.503500000    4.711867497   -5.780333328
    0.504000000    4.714397002   -4.335504451
    0.504500000    4.716201341   -2.880720424
    0.505000000    4.717277130   -1.422380669
    0.505500000    4.717624211    0.033022393
    0.506000000    4.717245683    1.478974710
    0.506500000    4.716147890    2.909011867
    0.507000000    4.714340382    4.316789500
    0.507500000    4.711835837    5.696152136
    0.508000000    4.708649951    7.041199714
    0.508500000    4.704801289    8.346351125
    0.509000000    4.700311118    9.606404101
    0.509500000    4.695203199   10.816590843
    0.510000000    4.689503555   11.972628818
    0.510500000    4.683240223   13.070766209
    0.511000000    4.676442973   14.107821563
    0.511500000    4.669143015   15.081217231
    0.512000000    4.661372694   15.989006280
    0.512500000    4.653165163   16.829892601
    0.513000000    4.644554061   17.603244030
    0.513500000    4.635573172   18.309098358
    0.514000000    4.626256098   18.948162182
    0.514500000    4.616635917   19.521802634
    0.515000000    4.606744867   20.032032074
    0.515500000    4.596614018   20.481485941
    0.516000000    4.586272975   20.873393984
    0.516500000    4.575749586   21.211545205
    0.517000000    4.565069674   21.500246878
    0.517500000    4.554256787   21.744278084
    0.518000000    4.543331977   21.948838256
    0.518500000    4.532313602   22.119491281
    0.519000000    4.521217160   22.262105736
    0.519500000    4.510055151   22.382791907
    0.520000000    4.498836975   22.487836229
    0.520500000    4.487568857   22.583633856
    0.521000000    4.476253810   22.676620050
    0.521500000    4.464891637   22.773201121
    0.522000000    4.453478957   22.879685633
    0.522500000    4.442009276   23.002216602
    0.523000000    4.430473079   23.146705394
    0.523500000    4.418857973   23.318768015
    0.524000000    4.407148837   23.523664466
    0.524500000    4.395328025   23.766241805
    0.525000000    4.383375582   24.050881505
    0.525500000    4.371269486   24.381451677
    0.526000000    4.358985920   24.761264659
    0.526500000    4.346499557   25.193040434
    0.527000000    4.333783866   25.678876254
    0.527500000    4.320811425   26.220222826
    0.528000000    4.307554256   26.817867298
    0.528500000    4.293984152   27.471923267
    0.529000000    4.280073021   28.181827904
    0.529500000    4.265793218   28.946346275
    0.530000000    4.251117885   29.763582819
    0.530500000    4.236021269   30.630999884
    0.531000000    4.220479044   31.545443164
    0.531500000    4.204468608   32.503173790
    0.532000000    4.187969367   33.499906765
    0.532500000    4.170962996   34.530855370
    0.533000000    4.153433680   35.590781103
    0.533500000    4.135368323   36.674048652
    0.534000000    4.116756735   37.774685358
    0.534500000    4.097591783   38.886444568
    0.535000000    4.077869511   40.002872237
    0.535500000    4.057589231   41.117376102
    0.536000000    4.036753566   42.223296732
    0.536500000    4.015368474   43.313979713
    0.537000000    3.993443223   44.382848237
    0.537500000    3.970990334   45.423475343
    0.538000000    3.948025490   46.429655054
    0.538500000    3.924567408   47.395471675
    0.539000000    3.900637675   48.315366513
    0.539500000    3.876260554   49.184201335
    0.540000000    3.851462763   49.997317854
    0.540500000    3.826273213   50.750592640
    0.541000000    3.800722737   51.440486829
    0.541500000    3.774843778   52.064090100
    0.542000000    3.748670073   52.619158419
    0.542500000    3.722236304   53.104145115
    0.543000000    3.695577750   53.518224933
    0.543500000    3.668729916   53.861310746
    0.544000000    3.641728166   54.134062710
    0.544500000    3.614607345   54.337889707
    0.545000000    3.587401409   54.474943004
    0.545500000    3.560143055   54.548102123
    0.546000000    3.532863362   54.560953006
    0.546500000    3.505591446   54.517758643
    0.547000000    3.478354130   54.423422382
    0.547500000    3.451175634   54.283444250
    0.548000000    3.424077288   54.103870665
    0.548500000    3.397077275   53.891237979
    0.549000000    3.370190401   53.652510396
    0.549500000    3.343427895   53.395012827
    0.550000000    3.316797249   53.126359321
    0.550500000    3.290302091   52.854377768
    0.551000000    3.263942099   52.587031579
    0.551500000    3.237712950   52.332339141
    0.552000000    3.211606318   52.098291805
    0.552500000    3.185609903   51.892771247
    0.553000000    3.159707509   51.723467022
    0.553500000    3.133879162   51.597795141
    0.554000000    3.108101263   51.522818508
    0.554500000    3.082346786   51.505170031
    0.555000000    3.056585513   51.550979214
    0.555500000    3.030784301   51.665802999
    0.556000000    3.004907384   51.854561594
    0.556500000    2.978916708   52.121479995
    0.557000000    2.952772293   52.470035826
    0.557500000    2.926432614   52.902914112
    0.558000000    2.899855011   53.421969494
    0.558500000    2.872996111   54.028196346
    0.559000000    2.845812263   54.721707186
    0.559500000    2.818259982   55.501719677
    0.560000000    2.790296401   56.366552457
    0.560500000    2.761879717   57.313629913
    0.561000000    2.732969635   58.339495982
    0.561500000    2.703527804   59.439836915
    0.562000000    2.673518238   60.609512901
    0.562500000    2.642907719   61.842598321
    0.563000000    2.611666178   63.132430348
    0.563500000    2.579767051   64.471665489
    0.564000000    2.547187603   65.852343623
    0.564500000    2.513909216   67.265958967
    0.565000000    2.479917648   68.703537363
    0.565500000    2.445203243   70.155719197
    0.566000000    2.409761103   71.612847191
    0.566500000    2.373591214   73.065058260
    0.567000000    2.336698526   74.502378587
    0.567500000    2.299092983   75.914821009
    0.568000000    2.260789503   77.292483776
    0.568500000    2.221807917   78.625649748
    0.569000000    2.182172844   79.904885035
    0.569500000    2.141913532   81.121136117
    0.570000000    2.101063638   82.265824470
    0.570500000    2.059660973   83.330937725
    0.571000000    2.017747193   84.309116430
    0.571500000    1.975367455   85.193735501
    0.572000000    1.932570025   85.978979498
    0.572500000    1.889405866   86.659910893
    0.573000000    1.845928172   87.232530588
    0.573500000    1.802191894   87.693829965
    0.574000000    1.758253230   88.041833853
    0.574500000    1.714169100   88.275633866
    0.575000000    1.669996606   88.395411648
    0.575500000    1.625792485   88.402451661
    0.576000000    1.581612552   88.299143236
    0.576500000    1.537511158   88.088971715
    0.577000000    1.493540637   87.776498612
    0.577500000    1.449750781   87.367330823
    0.578000000    1.406188325   86.868079020
    0.578500000    1.362896460   86.286305468
    0.579000000    1.319914369   85.630461618
    0.579500000    1.277276803   84.909815905
    0.580000000    1.235013690   84.134372315
    0.580500000    1.193149792   83.314780348
    0.581000000    1.151704404   82.462237107
    0.581500000    1.110691108   81.588382337
    0.582000000    1.070117579   80.705187290
    0.582500000    1.029985447   79.824838394
    0.583000000    0.990290220   78.959616733
    0.583500000    0.951021266   78.121774438
    0.584000000    0.912161864   77.323409079
    0.584500000    0.873689306   76.576337249
    0.585000000    0.835575074   75.891968485
    0.585500000    0.797785071   75.281180747
    0.586000000    0.760279921   74.754198632
    0.586500000    0.723015324   74.320475514
    0.587000000    0.685942468   73.988580778
    0.587500000    0.649008502   73.766093282
    0.588000000    0.612157053   73.659502139
    0.588500000    0.575328792   73.674115861
    0.589000000    0.538462054   73.813980851
    0.589500000    0.501493476   74.081810138
    0.590000000    0.464358689   74.478923188
    0.590500000    0.426993018   75.005197524
    0.591000000    0.389332223   75.659032802
    0.591500000    0.351313234   76.437327857
    0.592000000    0.312874912   77.335471157
    0.592500000    0.273958799   78.347344976
    0.593000000    0.234509871   79.465343444
    0.593500000    0.194477271   80.680404575
    0.594000000    0.153815027   81.982056178
    0.594500000    0.112482746   83.358475479
    0.595000000    0.070446267   84.796562134
    0.595500000    0.027678282   86.282024195
    0.596000000   -0.015841094   87.799476458
    0.596500000   -0.060123803   89.332550527
    0.597000000   -0.105173381   90.864015783
    0.597500000   -0.150984560   92.375910368
    0.598000000   -0.197542939   93.849681168
    0.598500000   -0.244824723   95.266331708
    0.599000000   -0.292796538   96.606576768
    0.599500000   -0.341415329   97.851002465
    0.600000000   -0.390628339   98.980230482
    0.600500000   -0.440373162   99.975085064
    0.601000000   -0.490577892  100.816761362
    0.601500000   -0.541161346  101.486993687
    0.602000000   -0.592033380  101.968222195
    0.602500000   -0.643095280  102.243756544
    0.603000000   -0.694240237  102.297935063
    0.603500000   -0.745353902  102.116277988
    0.604000000   -0.796315009  101.685633363
    0.604500000   -0.846996080  100.994314253
    0.605000000   -0.897264186  100.032225972
    0.605500000   -0.946981770   98.790982092
    0.606000000   -0.996007536   97.264008107
    0.606500000   -1.044197367   95.446631690
    0.607000000   -1.091405306   93.336158621
    0.607500000   -1.137484555   90.931933527
    0.608000000   -1.182288508   88.235384769
    0.608500000   -1.225671798   85.250052862
    0.609000000   -1.267491362   81.981602014
    0.609500000   -1.307607499   78.437814476
    0.610000000   -1.345884922   74.628567552
    0.610500000   -1.382193801   70.565793260
    0.611000000   -1.416410772   66.263420796
    0.611500000   -1.448419920   61.737302094
    0.612000000   -1.478113720   57.005120907
    0.612500000   -1.505393923   52.086286029
    0.613000000   -1.530172391   47.001809356
    0.613500000   -1.552371865   41.774169666
    0.614000000   -1.571926660   36.427163123
    0.614500000   -1.588783287   30.985741601
    0.615000000   -1.602900984   25.475840087
    0.615500000   -1.614252166   19.924194474
    0.616000000   -1.622822776   14.358151197
    0.616500000   -1.628612543    8.805470209
    0.617000000   -1.631635135    3.294122884
    0.617500000   -1.631918219   -2.147913524
    0.618000000   -1.629503405   -7.492863179
    0.618500000   -1.624446101  -12.713359017
    0.619000000   -1.616815252  -17.782648441
    0.619500000   -1.606692982  -22.674795632
    0.620000000   -1.594174140  -27.364878791
    0.620500000   -1.579365741  -31.829180622
    0.621000000   -1.562386320  -36.045370466
    0.621500000   -1.543365195  -39.992676493
    0.622000000   -1.522441644  -43.652046493
    0.622500000   -1.499764013  -47.006295858
    0.623000000   -1.475488744  -50.040241459
    0.623500000   -1.449779345  -52.740820243
    0.624000000   -1.422805304  -55.097191482
    0.624500000   -1.394740957  -57.100821758
    0.625000000   -1.365764312  -58.745551899
    0.625500000   -1.336055858  -60.027645234
    0.626000000   -1.305797335  -60.945816694
    0.626500000   -1.275170512  -61.501242443
    0.627000000   -1.244355959  -61.697549898
    0.627500000   -1.213531820  -61.540788146
    0.628000000   -1.182872625  -61.039378957
    0.628500000   -1.152548107  -60.204048740
    0.629000000   -1.122722084  -59.047741964
    0.629500000   -1.093551363  -57.585516723
    0.630000000   -1.065184722  -55.834423277
    0.630500000   -1.037761943  -53.813366567
    0.631000000   -1.011412923  -51.542953806
    0.631500000   -0.986256865  -49.045328431
    0.632000000   -0.962401553  -46.343991773
    0.632500000   -0.939942719  -43.463613935
    0.633000000   -0.918963510  -40.429835485
    0.633500000   -0.899534053  -37.269061591
    0.634000000   -0.881711123  -34.008250378
    0.634500000   -0.865537927  -30.674697264
    0.635000000   -0.851043980  -27.295817119
    0.635500000   -0.838245110  -23.898926095
    0.636000000   -0.827143553  -20.511024979
    0.636500000   -0.817728170  -17.158585915
    0.637000000   -0.809974762  -13.867344314
    0.637500000   -0.803846487  -10.662097725
    0.638000000   -0.799294380   -7.566513389
    0.638500000   -0.796257963   -4.602946098
    0.639000000   -0.794665943   -1.792267936
    0.639500000   -0.794436998    0.846288672
    0.640000000   -0.795480626    3.295273256
    0.640500000   -0.797698074    5.539143754
    0.641000000   -0.800983318    7.564376038
    0.641500000   -0.805224096    9.359555625
    0.642000000   -0.810302981   10.915450791
    0.642500000   -0.816098488   12.225066515
    0.643000000   -0.822486201   13.283678826
    0.643500000   -0.829339913   14.088849300
    0.644000000   -0.836532771   14.640419648
    0.644500000   -0.843938404   14.940486497
    0.645000000   -0.851432046   14.993356649
    0.645500000   -0.858891625   14.805483276
    0.646000000   -0.866198814   14.385383688
    0.646500000   -0.873240041   13.743539457
    0.647000000   -0.879907441   12.892279865
    0.647500000   -0.886099750   11.845649764
    0.648000000   -0.891723124   10.619263095
    0.648500000   -0.896691884    9.230143445
    0.649000000   -0.900929183    7.696553112
    0.649500000   -0.904367574    6.037812270
    0.650000000   -0.906949498    4.274109926
    0.650500000   -0.908627665    2.426308392
    0.651000000   -0.909365344    0.515743092
    0.651500000   -0.909136548   -1.435980455
    0.652000000   -0.907926117   -3.407190611
    0.652500000   -0.905729700   -5.376352678
    0.653000000   -0.902553641   -7.322269187
    0.653500000   -0.898414754   -9.224275577
    0.654000000   -0.893340013  -11.062429486
    0.654500000   -0.887366145  -12.817691922
    0.655000000   -0.880539137  -14.472098688
    0.655500000   -0.872913652  -16.008920480
    0.656000000   -0.864552380  -17.412810260
    0.656500000   -0.855525311  -18.669936538
    0.657000000   -0.845908947  -19.768101413
    0.657500000   -0.835785457  -20.696842319
    0.658000000   -0.825241793  -21.447516592
    0.658500000   -0.814368755  -22.013368134
    0.659000000   -0.803260043  -22.389575634
    0.659500000   -0.792011274  -22.573281961
    0.660000000   -0.780719002  -22.563604532
    0.660500000   -0.769479730  -22.361626651
    0.661000000   -0.758388933  -21.970369962
    0.661500000   -0.747540098  -21.394748391
    0.662000000   -0.737023798  -20.641504061
    0.662500000   -0.726926792  -19.719125905
    0.663000000   -0.717331180  -18.637751805
    0.663500000   -0.708313602  -17.409055288
    0.664000000   -0.699944505  -16.046117922
    0.664500000   -0.692287472  -14.563288711
    0.665000000   -0.685398626  -12.976031903
    0.665500000   -0.679326113  -11.300764737
    0.666000000   -0.674109667   -9.554686733
    0.666500000   -0.669780263   -7.755602249
    0.667000000   -0.666359862   -5.921738033
    0.667500000   -0.663861245   -4.071557593
    0.668000000   -0.662287938   -2.223574209
    0.668500000   -0.661634240   -0.396164429
    0.669000000   -0.661885332    1.392616120
    0.669500000   -0.663017488    3.125212796
    0.670000000   -0.664998363    4.784746124
    0.670500000   -0.667787379    6.355178392
    0.671000000   -0.671336179    7.821471032
    0.671500000   -0.675589170    9.169731267
    0.672000000   -0.680484128   10.387346588
    0.672500000   -0.685952866   11.463105778
    0.673000000   -0.691921965   12.387305303
    0.673500000   -0.698313551   13.151840064
    0.674000000   -0.705046113   13.750277650
    0.674500000   -0.712035352   14.177915382
    0.675000000   -0.719195062   14.431819652
    0.675500000   -0.726438016   14.510847189
    0.676000000   -0.733676862   14.415648096
    0.676500000   -0.740825021   14.148650680
    0.677000000   -0.747797566   13.714028271
    0.677500000   -0.754512081   13.117648416
    0.678000000   -0.760889495   12.367004996
    0.678500000   -0.766854873   11.471134014
    0.679000000   -0.772338163   10.440513925
    0.679500000   -0.777274890    9.286951569
    0.680000000   -0.781606787    8.023454902
    0.680500000   -0.785282363    6.664093834
    0.681000000   -0.788257396    5.223850640
    0.681500000   -0.790495352    3.718461470
    0.682000000   -0.791967718    2.164250614
    0.682500000   -0.792654255    0.577959221
    0.683000000   -0.792543161   -1.023429761
    0.683500000   -0.791631151   -2.622868616
    0.684000000   -0.789923441   -4.203422049
    0.684500000   -0.787433653   -5.748442700
    0.685000000   -0.784183622   -7.241743195
    0.685500000   -0.780203128   -8.667762949
    0.686000000   -0.775529540  -10.011728022
    0.686500000   -0.770207388  -11.259802379
    0.687000000   -0.764287853  -12.399229009
    0.687500000   -0.757828199  -13.418459453
    0.688000000   -0.750891138  -14.307270413
    0.688500000   -0.743544139  -15.056866256
    0.689000000   -0.735858696  -15.659966358
    0.689500000   -0.727909547  -16.110876406
    0.690000000   -0.719773870  -16.405542935
    0.690500000   -0.711530450  -16.541590544
    0.691000000   -0.703258838  -16.518341427
    0.691500000   -0.695038497  -16.336817046
    0.692000000   -0.686947959  -15.999721921
    0.692500000   -0.679063987  -15.511409751
    0.693000000   -0.671460768  -14.877832226
    0.693500000   -0.664209127  -14.106471087
    0.694000000   -0.657375781  -13.206254160
    0.694500000   -0.651022643  -12.187456265
    0.695000000   -0.645206176  -11.061586063
    0.695500000   -0.639976805   -9.841260023
    0.696000000   -0.635378399   -8.540064884
    0.696500000   -0.631447820   -7.172410037
    0.697000000   -0.628214555   -5.753371431
    0.697500000   -0.625700418   -4.298528638
    0.698000000   -0.623919342   -2.823796817
    0.698500000   -0.622877256   -1.345255373
    0.699000000   -0.622572043    0.121024879
    0.699500000   -0.622993587    1.559154186
    0.700000000   -0.624123912    2.953594151
    0.700500000   -0.625937393    4.289324007
    0.701000000   -0.628401056    5.552001112
    0.701500000   -0.631474961    6.728113947
    0.702000000   -0.635112647    7.805125969
    0.702500000   -0.639261659    8.771608805
    0.703000000   -0.643864127    9.617363325
    0.703500000   -0.648857416   10.333527321
    0.704000000   -0.654174809   10.912668631
    0.704500000   -0.659746251   11.348862689
    0.705000000   -0.665499112   11.637753693
    0.705500000   -0.671358988   11.776598702
    0.706000000   -0.677250510   11.764294210
    0.706500000   -0.683098172   11.601384895
    0.707000000   -0.688827149   11.290054441
    0.707500000   -0.694364114   10.834098557
    0.708000000   -0.699638029   10.238880443
    0.708500000   -0.704580921    9.511269225
    0.709000000   -0.709128608    8.659561997
    0.709500000   -0.713221398    7.693390325
    0.710000000   -0.716804725    6.623612234
    0.710500000   -0.719829731    5.462190840
    0.711000000   -0.722253793    4.222060967
    0.711500000   -0.724040964    2.916985186
    0.712000000   -0.725162357    1.561400869
    0.712500000   -0.725596437    0.170259913
    0.713000000   -0.725329240   -1.241137091
    0.713500000   -0.724354504   -2.657310434
    0.714000000   -0.722673716   -4.062772738
    0.714500000   -0.720296072   -5.442200389
    0.715000000   -0.717238355   -6.780603068
    0.715500000   -0.713524725   -8.063489494
    0.716000000   -0.709186429   -9.277027551
    0.716500000   -0.704261431  -10.408197014
    0.717000000   -0.698793976  -11.444933180
    0.717500000   -0.692834073  -12.376259799
    0.718000000   -0.686436920  -13.192409816
    0.718500000   -0.679662276  -13.884932576
    0.719000000   -0.672573774  -14.446786276
    0.719500000   -0.665238202  -14.872414631
    0.720000000   -0.657724741  -15.157806873
    0.720500000   -0.650104181  -15.300540395
    0.721000000   -0.642448121  -15.299805563
    0.721500000   -0.634828160  -15.156412371
    0.722000000   -0.627315091  -14.872778879
    0.722500000   -0.619978097  -14.452901512
    0.723000000   -0.612883983  -13.902307561
    0.723500000   -0.606096418  -13.227990394
    0.724000000   -0.599675224  -12.438328074
    0.724500000   -0.593675710  -11.542986314
    0.725000000   -0.588148050  -10.552806818
    0.725500000   -0.583136732   -9.479682278
    0.726000000   -0.578680062   -8.336419418
    0.726500000   -0.574809744   -7.136591628
    0.727000000   -0.571550536   -5.894382850
    0.727500000   -0.568919987   -4.624424489
    0.728000000   -0.566928252   -3.341627185
    0.728500000   -0.565577997   -2.061009380
    0.729000000   -0.564864386   -0.797524618
    0.729500000   -0.564775161    0.434110435
    0.730000000   -0.565290800    1.619585283
    0.730500000   -0.566384759    2.745160253
    0.731000000   -0.568023803    3.797824617
    0.731500000   -0.570168404    4.765446336
    0.732000000   -0.572773217    5.636911706
    0.732500000   -0.575787622    6.402253262
    0.733000000   -0.579156325    7.052764453
    0.733500000   -0.582820016    7.581099728
    0.734000000   -0.586716070    7.981358859
    0.734500000   -0.590779289    8.249154484
    0.735000000   -0.594942668    8.381662063
    0.735500000   -0.599138189    8.377651627
    0.736000000   -0.603297620    8.237500928
    0.736500000   -0.607353321    7.963189776
    0.737000000   -0.611239034    7.558275629
    0.737500000   -0.614890670    7.027850654
    0.738000000   -0.618247053    6.378480736
    0.738500000   -0.621250646    5.618127123
    0.739000000   -0.623848220    4.756051575
    0.739500000   -0.625991480    3.802706112
    0.740000000   -0.627637629    2.769608618
    0.740500000   -0.628749867    1.669205746
    0.741000000   -0.629297818    0.514724706
    0.741500000   -0.629257884   -0.679984323
    0.742000000   -0.628613512   -1.900613327
    0.742500000   -0.627355383   -3.132567180
    0.743000000   -0.625481509   -4.361137953
    0.743500000   -0.622997251   -5.571680738
    0.744000000   -0.619915236   -6.749788893
    0.744500000   -0.616255203   -7.881466633
    0.745000000   -0.612043749   -8.953296871
    0.745500000   -0.607313999   -9.952602323
    0.746000000   -0.602105204  -10.867597892
    0.746500000   -0.596462251  -11.687532527
    0.747000000   -0.590435120  -12.402818774
    0.747500000   -0.584078266  -13.005148478
    0.748000000   -0.577449960  -13.487593167
    0.748500000   -0.570611573  -13.844687889
    0.749000000   -0.563626829  -14.072497435
    0.749500000   -0.556561025  -14.168664099
    0.750000000   -0.549480239  -14.132436349
    0.750500000   -0.542450519  -13.964678004
    0.751000000   -0.535537080  -13.667857748
    0.751500000   -0.528803507  -13.246019063
    0.752000000   -0.522310978  -12.704730874
    0.752500000   -0.516117520  -12.051019464
    0.753000000   -0.510277303  -11.293282437
    0.753500000   -0.504839971  -10.441185712
    0.754000000   -0.499850047   -9.505544782
    0.754500000   -0.495346383   -8.498191628
    0.755000000   -0.491361694   -7.431828889
    0.755500000   -0.487922156   -6.319873045
    0.756000000   -0.485047094   -5.176288507
    0.756500000   -0.482748750   -4.015414635
    0.757000000   -0.481032139   -2.851787804
    0.757500000   -0.479894995   -1.699960701
    0.758000000   -0.479327812   -0.574321091
    0.758500000   -0.479313966    0.511087703
    0.759000000   -0.479829936    1.542742363
    0.759500000   -0.480845605    2.507808981
    0.760000000   -0.482324645    3.394304170
    0.760500000   -0.484224978    4.191245845
    0.761000000   -0.486499317    4.888791734
    0.761500000   -0.489095766    5.478363857
    0.762000000   -0.491958477    5.952757347
    0.762500000   -0.495028362    6.306232189
    0.763000000   -0.498243847    6.534586670
    0.763500000   -0.501541651    6.635211529
    0.764000000   -0.504857597    6.607124062
    0.764500000   -0.508127424    6.450981672
    0.765000000   -0.511287609    6.169074618
    0.765500000   -0.514276178    5.765297966
    0.766000000   -0.517033496    5.245103027
    0.766500000   -0.519503027    4.615428821
    0.767000000   -0.521632060    3.884614359
    0.767500000   -0.523372383    3.062292782
    0.768000000   -0.524680897    2.159268655
    0.768500000   -0.525520170    1.187379909
    0.769000000   -0.525858915    0.159346138
    0.769500000   -0.525672395   -0.911394838
    0.770000000   -0.524942731   -2.010860109
    0.770500000   -0.523659138   -3.124702294
    0.771000000   -0.521818054   -4.238395361
    0.771500000   -0.519423188   -5.337423254
    0.772000000   -0.516485463   -6.407468890
    0.772500000   -0.513022874   -7.434601085
    0.773000000   -0.509060246   -8.405456957
    0.773500000   -0.504628905   -9.307417420
    0.774000000   -0.499766268  -10.128773434
    0.774500000   -0.494515346  -10.858880813
    0.775000000   -0.488924176  -11.488301497
    0.775500000   -0.483045185  -12.008929383
    0.776000000   -0.476934498  -12.414098990
    0.776500000   -0.470651194  -12.698675440
    0.777000000   -0.464256520  -12.859124493
    0.777500000   -0.457813080  -12.893561612
    0.778000000   -0.451384004  -12.801779310
    0.778500000   -0.445032101  -12.585252307
    0.779000000   -0.438819028  -12.247120333
    0.779500000   -0.432804463  -11.792148691
    0.780000000   -0.427045306  -11.226666995
    0.780500000   -0.421594920  -10.558486793
    0.781000000   -0.416502411   -9.796799074
    0.781500000   -0.411811970   -8.952052927
    0.782000000   -0.407562278   -8.035816887
    0.782500000   -0.403785984   -7.060624740
    0.783000000   -0.400509261   -6.039807781
    0.783500000   -0.397751458   -4.987315724
    0.784000000   -0.395524829   -3.917528610
    0.784500000   -0.393834376   -2.845062227
    0.785000000   -0.392677771   -1.784569633
    0.785500000   -0.392045393   -0.750541455
    0.786000000   -0.391920460    0.242892317
    0.786500000   -0.392279253    1.182156340
    0.787000000   -0.393091444    2.054417055
    0.787500000   -0.394320511    2.847760366
    0.788000000   -0.395924240    3.551357353
    0.788500000   -0.397855305    4.155615708
    0.789000000   -0.400061921    4.652314700
    0.789500000   -0.402488562    5.034721740
    0.790000000   -0.405076727    5.297688824
    0.790500000   -0.407765753    5.437727404
    0.791000000   -0.410493660    5.453060527
    0.791500000   -0.413198013    5.343651388
    0.792000000   -0.415816796    5.111207759
    0.792500000   -0.418289278    4.759162088
    0.793000000   -0.420556868    4.292627407
    0.793500000   -0.422563937    3.718329515
    0.794000000   -0.424258604    3.044516243
    0.794500000   -0.425593469    2.280844938
    0.795000000   -0.426526288    1.438249608
    0.795500000   -0.427020570    0.528789478
    0.796000000   -0.427046099   -0.434519016
    0.796500000   -0.426579371   -1.437884542
    0.797000000   -0.425603931   -2.466934980
    0.797500000   -0.424110613   -3.506920666
    0.798000000   -0.422097675   -4.542923917
    0.798500000   -0.419570833   -5.560071924
    0.799000000   -0.416543184   -6.543749956
    0.799500000   -0.413035023   -7.479811871
    0.800000000   -0.409073558   -8.354784866
    0.800500000   -0.404692526   -9.156065506
    0.801000000   -0.399931706   -9.872104153
    0.801500000   -0.394836357  -10.492575053
    0.802000000   -0.389456559  -11.008529534
    0.802500000   -0.383846496  -11.412529983
    0.803000000   -0.378063667  -11.698762523
    0.803500000   -0.372168054  -11.863126616
    0.804000000   -0.366221249  -11.903300119
    0.804500000   -0.360285547  -11.818778684
    0.805000000   -0.354423041  -11.610888726
    0.805500000   -0.348694706  -11.282773613
    0.806000000   -0.343159495  -10.839353061
    0.806500000   -0.337873474  -10.287256157
    0.807000000   -0.332888986   -9.634728796
    0.807500000   -0.328253867   -8.891516730
    0.808000000   -0.324010739   -8.068725754
    0.808500000   -0.320196359   -7.178660961
    0.809000000   -0.316841074   -6.234647282
    0.809500000   -0.313968349   -5.250833850
    0.810000000   -0.311594415   -4.241984977
    0.810500000   -0.309728011   -3.223260779
    0.811000000   -0.308370245   -2.209990651
    0.811500000   -0.307514565   -1.217442924
    0.812000000   -0.307146849   -0.260594166
    0.812500000   -0.307245607    0.646098422
    0.813000000   -0.307782297    1.488918048
    0.813500000   -0.308721746    2.255099399
    0.814000000   -0.310022679    2.933026483
    0.814500000   -0.311638341    3.512414106
    0.815000000   -0.313517196    3.984470106
    0.815500000   -0.315603719    4.342035708
    0.816000000   -0.317839238    4.579701675
    0.816500000   -0.320162832    4.693898276
    0.817000000   -0.322512269    4.682957483
    0.817500000   -0.324824967    4.547146201
    0.818000000   -0.327038961    4.288669782
    0.818500000   -0.329093868    3.911645526
    0.819000000   -0.330931834    3.422046320
    0.819500000   -0.332498434    2.827615047
    0.820000000   -0.333743535    2.137750843
    0.820500000   -0.334622091    1.363368742
    0.821000000   -0.335094855    0.516734670
    0.821500000   -0.335129016   -0.388721831
    0.822000000   -0.334698723   -1.338614410
    0.822500000   -0.333785513   -2.317823149
    0.823000000   -0.332378616   -3.310730870
    0.823500000   -0.330475144   -4.301468888
    0.824000000   -0.328080155   -5.274168377
    0.824500000   -0.325206587   -6.213213440
    0.825000000   -0.321875073   -7.103491833
    0.825500000   -0.318113623   -7.930639343
    0.826000000   -0.313957193   -8.681273846
    0.826500000   -0.309447139   -9.343215189
    0.827000000   -0.304630564   -9.905687242
    0.827500000   -0.299559571  -10.359498691
    0.828000000   -0.294290428  -10.697199464
    0.828500000   -0.288882665  -10.913210007
    0.829000000   -0.283398113  -11.003921085
    0.829500000   -0.277899900  -10.967762183
    0.830000000   -0.272451423  -10.805237098
    0.830500000   -0.267115305  -10.518925824
    0.831000000   -0.261952368  -10.113452377
    0.831500000   -0.257020623   -9.595418751
    0.832000000   -0.252374306   -8.973305762
    0.832500000   -0.248062968   -8.257342094
    0.833000000   -0.244130644   -7.459343391
    0.833500000   -0.240615102   -6.592523770
    0.834000000   -0.237547196   -5.671282612
    0.834500000   -0.234950335   -4.710969933
    0.835000000   -0.232840066   -3.727634034
    0.835500000   -0.231223792   -2.737755483
    0.836000000   -0.230100627   -1.757971748
    0.836500000   -0.229461383   -0.804797025
    0.837000000   -0.229288706    0.105658068
    0.837500000   -0.229557344    0.957962180
    0.838000000   -0.230234556    1.737629586
    0.838500000   -0.231280645    2.431372584
    0.839000000   -0.232649622    3.027335477
    0.839500000   -0.234289972    3.515305940
    0.840000000   -0.236145521    3.886899925
    0.840500000   -0.238156397    4.135716616
    0.841000000   -0.240260047    4.257460460
    0.841500000   -0.242392316    4.250027790
    0.842000000   -0.244488556    4.113556168
    0.842500000   -0.246484751    3.850435157
    0.843000000   -0.248318639    3.465277923
    0.843500000   -0.249930807    2.964853713
    0.844000000   -0.251265741    2.357981952
    0.844500000   -0.252272825    1.655389383
    0.845000000   -0.252907245    0.869532343
    0.845500000   -0.253130803    0.014386897
    0.846000000   -0.252912621   -0.894789805
    0.846500000   -0.252229716   -1.841723077
    0.847000000   -0.251067437   -2.809404736
    0.847500000   -0.249419759   -3.780392812
    0.848000000   -0.247289422   -4.737121769
    0.848500000   -0.244687913   -5.662217771
    0.849000000   -0.241635292   -6.538813420
    0.849500000   -0.238159864   -7.350856246
    0.850000000   -0.234297693   -8.083405338
    0.850500000   -0.230091975   -8.722910556
    0.851000000   -0.225592284   -9.257469055
    0.851500000   -0.220853680   -9.677054160
    0.852000000   -0.215935730   -9.973712065
    0.852500000   -0.210901422  -10.141722344
    0.853000000   -0.205816023  -10.177718870
    0.853500000   -0.200745875  -10.080768421
    0.854000000   -0.195757171   -9.852404967
    0.854500000   -0.190914721   -9.496618456
    0.855000000   -0.186280737   -9.019797699
    0.855500000   -0.181913660   -8.430627860
    0.856000000   -0.177867039   -7.739943842
    0.856500000   -0.174188512   -6.960541781
    0.857000000   -0.170918871   -6.106951617
    0.857500000   -0.168091265   -5.195174538
    0.858000000   -0.165730535   -4.242389804
    0.858500000   -0.163852706   -3.266636088
    0.859000000   -0.162464635   -2.286473089
    0.859500000   -0.161563845   -1.320629601
    0.860000000   -0.161138526   -0.387644599
    0.860500000   -0.161167721    0.494491856
    0.861000000   -0.161621688    1.308690955
    0.861500000   -0.162462439    2.039103842
    0.862000000   -0.163644436    2.671439885
    0.862500000   -0.165115447    3.193258064
    0.863000000   -0.166817539    3.594225388
    0.863500000   -0.168688183    3.866336824
    0.864000000   -0.170661468    4.004091866
    0.864500000   -0.172669389    4.004623638
    0.865000000   -0.174643180    3.867777297
    0.865500000   -0.176514685    3.596135446
    0.866000000   -0.178217717    3.194989266
    0.866500000   -0.179689396    2.672255165
    0.867000000   -0.180871429    2.038337786
    0.867500000   -0.181711309    1.305941343
    0.868000000   -0.182163408    0.489832303
    0.868500000   -0.182189939   -0.393442509
    0.869000000   -0.181761766   -1.325877350
    0.869500000   -0.180859049   -2.288362593
    0.870000000   -0.179471699   -3.261066631
    0.870500000   -0.177599639   -4.223837229
    0.871000000   -0.175252863   -5.156614390
    0.871500000   -0.172451287   -6.039846378
    0.872000000   -0.169224387   -6.854900360
    0.872500000   -0.165610645   -7.584459035
    0.873000000   -0.161656793   -8.212894777
    0.873500000   -0.157416883   -8.726613095
    0.874000000   -0.152951190   -9.114357729
    0.874500000   -0.148324980   -9.367470317
    0.875000000   -0.143607150   -9.480098423
    0.875500000   -0.138868795   -9.449346659
    0.876000000   -0.134181692   -9.275366758
    0.876500000   -0.129616779   -8.961383647
    0.877000000   -0.125242616   -8.513655909
    0.877500000   -0.121123898   -7.941370376
    0.878000000   -0.117320028   -7.256472003
    0.878500000   -0.113883795   -6.473431632
    0.879000000   -0.110860180   -5.608955600
    0.879500000   -0.108285321   -4.681642551
    0.880000000   -0.106185666   -3.711594030
    0.880500000   -0.104577323   -2.719986625
    0.881000000   -0.103465641   -1.728614406
    0.881500000   -0.102845012   -0.759411269
    0.882000000   -0.102698932    0.166036560
    0.882500000   -0.103000290    1.026977163
    0.883000000   -0.103711908    1.803967809
    0.883500000   -0.104787307    2.479327190
    0.884000000   -0.106171699    3.037554401
    0.884500000   -0.107803166    3.465704566
    0.885000000   -0.109614029    3.753711787
    0.885500000   -0.111532348    3.894651058
    0.886000000   -0.113483551    3.884932015
    0.886500000   -0.115392128    3.724418781
    0.887000000   -0.117183378    3.416471751
    0.887500000   -0.118785146    2.967908845
    0.888000000   -0.120129526    2.388885618
    0.888500000   -0.121154487    1.692695427
    0.889000000   -0.121805372    0.895492816
    0.889500000   -0.122036244    0.015945119
    0.890000000   -0.121811045   -0.925180894
    0.890500000   -0.121104527   -1.905488804
    0.891000000   -0.119902941   -2.901468690
    0.891500000   -0.118204458   -3.889048220
    0.892000000   -0.116019307   -4.844166153
    0.892500000   -0.113369620   -5.743354870
    0.893000000   -0.110288999   -6.564318005
    0.893500000   -0.106821780   -7.286489042
    0.894000000   -0.103022042   -7.891556812
    0.894500000   -0.098952354   -8.363944339
    0.895000000   -0.094682301   -8.691228239
    0.895500000   -0.090286818   -8.864487054
    0.896000000   -0.085844366   -8.878568353
    0.896500000   -0.081435003   -8.732266190
    0.897000000   -0.077138382   -8.428402552
    0.897500000   -0.073031743   -7.973808658
    0.898000000   -0.069187929   -7.379204386
    0.898500000   -0.065673495   -6.658976674
    0.899000000   -0.062546950   -5.830860278
    0.899500000   -0.059857184   -4.915526921
    0.900000000   -0.057642118   -3.936091325
    0.900500000   -0.055927619   -2.917545030
    0.901000000   -0.054726720   -1.886131057
    0.901500000   -0.054039161   -0.868674367
    0.902000000   -0.053851264    0.108115354
    0.902500000   -0.054136175    1.018350873
    0.903000000   -0.054854449    1.837666080
    0.903500000   -0.055954977    2.543887397
    0.904000000   -0.057376243    3.117659329
    0.904500000   -0.059047877    3.543006314
    0.905000000   -0.060892469    3.807814183
    0.905500000   -0.062827598    3.904216243
    0.906000000   -0.064768034    3.828871164
    0.906500000   -0.066628042    3.583122408
    0.907000000   -0.068323741    3.173031891
    0.907500000   -0.069775440    2.609283818
    0.908000000   -0.070909906    1.906958099
    0.908500000   -0.071662469    1.085176369
    0.909000000   -0.071978937    0.166627291
    0.909500000   -0.071817234   -0.823018594
    0.910000000   -0.071148723   -1.855790745
    0.910500000   -0.069959170   -2.902180366
    0.911000000   -0.068249311   -3.931962313
    0.911500000   -0.066034995   -4.915055138
    0.912000000   -0.063346892   -5.822395445
    0.912500000   -0.060229770   -6.626801534
    0.913000000   -0.056741344   -7.303800851
    0.913500000   -0.052950726   -7.832395971
    0.914000000   -0.048936515   -8.195744828
    0.914500000   -0.044784570   -8.381732666
    0.915000000   -0.040585531   -8.383415621
    0.915500000   -0.036432149   -8.199319066
    0.916000000   -0.032416517   -7.833577600
    0.916500000   -0.028627256   -7.295907954
    0.917000000   -0.025146775   -6.601410830
    0.917500000   -0.022048656   -5.770202813
    0.918000000   -0.019395278   -4.826884755
    0.918500000   -0.017235739   -3.799858295
    0.919000000   -0.015604152   -2.720507327
    0.919500000   -0.014518386   -1.622266061
    0.920000000   -0.013979290   -0.539599623
    0.920500000   -0.013970448    0.493073113
    0.921000000   -0.014458473    1.442481881
    0.921500000   -0.015393862    2.277597978
    0.922000000   -0.016712376    2.970682267
    0.922500000   -0.018336931    3.498252784
    0.923000000   -0.020179948    3.841937847
    0.923500000   -0.022146093    3.989182973
    0.924000000   -0.024135320    3.933783574
    0.924500000   -0.026046145    3.676220083
    0.925000000   -0.027779023    3.223777858
    0.925500000   -0.029239738    2.590440761
    0.926000000   -0.030342673    1.796554524
    0.926500000   -0.031013864    0.868263683
    0.927000000   -0.031193708   -0.163266224
    0.927500000   -0.030839244   -1.262821639
    0.928000000   -0.029925893   -2.392282012
    0.928500000   -0.028448601   -3.511894794
    0.929000000   -0.026422315   -4.581644143
    0.929500000   -0.023881759   -5.562668180
    0.930000000   -0.020880505   -6.418675912
    0.930500000   -0.017489341   -7.117312969
    0.931000000   -0.013793981   -7.631424897
    0.931500000   -0.009892184   -7.940168310
    0.932000000   -0.005890355   -8.029923588
    0.932500000   -0.001899759   -7.894968070
    0.933000000    0.001967543   -7.537875786
    0.933500000    0.005602877   -6.969618424
    0.934000000    0.008905118   -6.209352378
    0.934500000    0.011784659   -5.283887852
    0.935000000    0.014167045   -4.226848023
    0.935500000    0.015996104   -3.077538465
    0.936000000    0.017236456   -1.879559265
    0.936500000    0.017875262   -0.679203769
    0.937000000    0.017923140    0.476301572
    0.937500000    0.017414169    1.540652941
    0.938000000    0.016404955    2.470350221
    0.938500000    0.014972774    3.226528696
    0.939000000    0.013212811    3.776665009
    0.939500000    0.011234613    4.096082287
    0.940000000    0.009157837    4.169183826
    0.940500000    0.007107476    3.990352406
    0.941000000    0.005208720    3.564462992
    0.941500000    0.003581671    2.906970197
    0.942000000    0.002336124    2.043547879
    0.942500000    0.001566643    1.009276233
    0.943000000    0.001348153   -0.152608984
    0.943500000    0.001732257   -1.392370600
    0.944000000    0.002744476   -2.655773470
    0.944500000    0.004382560   -3.886364680
    0.945000000    0.006615990   -5.027941580
    0.945500000    0.009386737   -6.027105241
    0.946000000    0.012611305   -6.835787212
    0.946500000    0.016183996   -7.413632220
    0.947000000    0.019981313   -7.730119280
    0.947500000    0.023867328   -7.766308979
    0.948000000    0.027699815   -7.516115616
    0.948500000    0.031336883   -6.987019362
    0.949000000    0.034643800   -6.200155294
    0.949500000    0.037499714   -5.189742467
    0.950000000    0.039803906   -4.001846102
    0.950500000    0.041481276   -2.692498495
    0.951000000    0.042486727   -1.325237777
    0.951500000    0.042808204    0.031843199
    0.952000000    0.042468148    1.309414713
    0.952500000    0.041523245    2.440444655
    0.953000000    0.040062372    3.363778289
    0.953500000    0.038202792    4.027578023
    0.954000000    0.036084702    4.392432623
    0.954500000    0.033864343    4.433949810
    0.955000000    0.031705987    4.144661067
    0.955500000    0.029773164    3.535092873
    0.956000000    0.028219596    2.633894149
    0.956500000    0.027180312    1.486954372
    0.957000000    0.026763464    0.155498895
    0.957500000    0.027043335   -1.286794545
    0.958000000    0.028055026   -2.757554386
    0.958500000    0.029791197   -4.170186009
    0.959000000    0.032201183   -5.438837172
    0.959500000    0.035192657   -6.483593802
    0.960000000    0.038635897   -7.235606826
    0.960500000    0.042370522   -7.641830670
    0.961000000    0.046214433   -7.669051875
    0.961500000    0.049974541   -7.306904058
    0.962000000    0.053458673   -6.569604122
    0.962500000    0.056487997   -5.496204240
    0.963000000    0.058909167   -4.149232966
    0.963500000    0.060605379   -2.611694079
    0.964000000    0.061505529   -0.982498865
    0.964500000    0.061590731    0.629479242
    0.965000000    0.060897581    2.112426520
    0.965500000    0.059517723    3.359282762
    0.966000000    0.057593498    4.275616310
    0.966500000    0.055309726    4.787128958
    0.967000000    0.052881952    4.846211904
    0.967500000    0.050541761    4.436985976
    0.968000000    0.048520071    3.578315215
    0.968500000    0.047029508    2.324384179
    0.969000000    0.046247159    0.762574530
    0.969500000    0.046299085   -0.991439829
    0.970000000    0.047247959   -2.801246549
    0.970500000    0.049085075   -4.519535377
    0.971000000    0.051727724   -5.999633528
    0.971500000    0.055022601   -7.107933344
    0.972000000    0.058755453   -7.736238991
    0.972500000    0.062666652   -7.812949070
    0.973000000    0.066471833   -7.311962221
    0.973500000    0.069886200   -6.258258692
    0.974000000    0.072650603   -4.729282094
    0.974500000    0.074557123   -2.851523961
    0.975000000    0.075471693   -0.792091238
    0.975500000    0.075351295    1.254505733
    0.976000000    0.074253492    3.083600471
    0.976500000    0.072336584    4.500394796
    0.977000000    0.069849409    5.341032755
    0.977500000    0.067110771    5.492628732
    0.978000000    0.064479602    4.909948178
    0.978500000    0.062318088    3.626449488
    0.979000000    0.060951130    1.757665334
    0.979500000    0.060626338   -0.504545074
    0.980000000    0.061479339   -2.907508509
    0.980500000    0.063509220   -5.162576737
    0.981000000    0.066568391   -6.977616230
    0.981500000    0.070370026   -8.094190572
    0.982000000    0.074514417   -8.325306951
    0.982500000    0.078533327   -7.588723490
    0.983000000    0.081948750   -5.930431811
    0.983500000    0.084339889   -3.533222959
    0.984000000    0.085409820   -0.706355781
    0.984500000    0.085041798    2.145662707
    0.985000000    0.083334834    4.574359475
    0.985500000    0.080609432    6.154377567
    0.986000000    0.077377406    6.558415036
    0.986500000    0.074274572    5.628709176
    0.987000000    0.071961365    3.431404675
    0.987500000    0.071003543    0.279605357
    0.988000000    0.071751801   -3.287054892
    0.988500000    0.074244087   -6.573306121
    0.989000000    0.078155871   -8.848097936
    0.989500000    0.082820194   -9.500605422
    0.990000000    0.087329676   -8.206814925
    0.990500000    0.090716899   -5.069327171
    0.991000000    0.092188718   -0.685664707
    0.991500000    0.091367651    3.898276658
    0.992000000    0.088474728    7.378573147
    0.992500000    0.084380728    8.525647421
    0.993000000    0.080464755    6.609728134
    0.993500000    0.078257879    1.812204955
    0.994000000    0.078917611   -4.539763828
    0.994500000    0.082669044  -10.105898507
    0.995000000    0.088438328  -12.187296593
    0.995500000    0.093951103   -8.914636636
    0.996000000    0.096509500   -0.697061998
    0.996500000    0.094423993    8.762672298
    0.997000000    0.088613995   13.027375035
    0.997500000    0.083262449    6.334544647
    0.998000000    0.083937538   -9.807637295
    0.998500000    0.092155737  -20.036513069
    0.999000000    0.098889592   -0.714946937
    0.999500000    0.089855349   30.853781923
    1.000000000    0.099647142 -145.941966733
